0 -65 -65
0.000791082 -65.0018 -65.0004
0.00158216 -65.0033 -65.0008
0.00298929 -65.0058 -65.0015
0.00439642 -65.008 -65.0022
0.00698861 -65.0119 -65.0035
0.01122 -65.0179 -65.0056
0.0190967 -65.0279 -65.0095
0.0269733 -65.0372 -65.0134
0.03485 -65.046 -65.0173
0.0427266 -65.0544 -65.0212
0.055821 -65.0679 -65.0277
0.0689154 -65.0809 -65.0342
0.0820098 -65.0934 -65.0406
0.103881 -65.1137 -65.0514
0.125753 -65.1333 -65.0621
0.166214 -65.1684 -65.0819
0.206675 -65.2023 -65.1016
0.247136 -65.2354 -65.1212
0.287597 -65.2677 -65.1407
0.328058 -65.2995 -65.1601
0.395472 -65.3513 -65.1923
0.462886 -65.4021 -65.2242
0.5303 -65.4519 -65.2559
0.632154 -65.5259 -65.3035
0.734009 -65.5986 -65.3505
0.835864 -65.6701 -65.3972
1.02344 -65.7996 -65.4819
1.21102 -65.9266 -65.5652
1.39859 -66.0516 -65.6472
1.58617 -66.1748 -65.728
1.77375 -66.2965 -65.8076
1.96132 -66.4168 -65.886
2.26081 -66.6062 -66.009
2.56029 -66.7926 -66.1295
2.85977 -66.9761 -66.2476
3.15926 -67.1569 -66.3635
3.45874 -67.335 -66.4773
3.93752 -67.6146 -66.6552
4.4163 -67.8879 -66.8286
4.89508 -68.1551 -66.9979
5.37387 -68.4165 -67.1634
5.85265 -68.6722 -67.3253
6.60531 -69.0629 -67.5731
7.35797 -69.4404 -67.8131
8.11063 -69.8051 -68.046
8.86329 -70.1574 -68.272
9.61595 -70.4979 -68.4913
10.3686 -70.8269 -68.7042
11.596 -71.3398 -69.0381
12.8233 -71.8248 -69.3559
14.0507 -72.2834 -69.658
15.278 -72.7169 -69.9446
16.5053 -73.1267 -70.2161
17.7327 -73.5139 -70.4728
19.6036 -74.0631 -70.8362
21.4745 -74.5658 -71.167
23.3455 -75.0251 -71.4664
25.2164 -75.444 -71.7356
27.0873 -75.825 -71.9761
28.9582 -76.1707 -72.1895
30.8292 -76.4833 -72.3771
32.7001 -76.7648 -72.5406
35.8116 -77.1698 -72.7635
38.9232 -77.5031 -72.9313
42.0347 -77.7727 -73.0512
45.1462 -77.9858 -73.13
48.2577 -78.1494 -73.1739
51.3693 -78.2697 -73.1889
54.4808 -78.3526 -73.1802
57.5923 -78.4036 -73.1525
60.7039 -78.4275 -73.11
63.8154 -78.4288 -73.0563
68.5979 -78.3959 -72.9589
73.3804 -78.3318 -72.8514
78.1629 -78.2468 -72.7407
82.9454 -78.1493 -72.6318
87.7279 -78.0459 -72.5281
92.5105 -77.9415 -72.4319
97.293 -77.8399 -72.3446
102.075 -77.7435 -72.2666
106.858 -77.654 -72.1981
111.641 -77.5724 -72.1388
116.423 -77.4991 -72.0882
121.206 -77.4342 -72.0455
125.988 -77.3774 -72.01
130.771 -77.3283 -71.9808
135.553 -77.2863 -71.9572
140.336 -77.2508 -71.9385
145.118 -77.221 -71.9238
149.901 -77.1964 -71.9125
154.683 -77.1762 -71.9042
159.466 -77.1598 -71.8982
164.248 -77.1468 -71.894
169.031 -77.1366 -71.8914
173.813 -77.1287 -71.89
178.596 -77.1227 -71.8896
183.378 -77.1184 -71.8898
188.161 -77.1153 -71.8905
192.943 -77.1134 -71.8916
197.726 -77.1122 -71.893
202.508 -77.1117 -71.8945
207.291 -77.1117 -71.8961
212.073 -77.1121 -71.8977
216.856 -77.1127 -71.8993
221.638 -77.1136 -71.9008
226.421 -77.1146 -71.9023
231.203 -77.1158 -71.9037
235.986 -77.1169 -71.905
240.768 -77.1181 -71.9063
245.551 -77.1193 -71.9075
250.333 -77.1205 -71.9085
255.116 -77.1217 -71.9096
259.898 -77.1229 -71.9105
264.681 -77.124 -71.9114
269.463 -77.1251 -71.9122
274.246 -77.1262 -71.913
279.028 -77.1272 -71.9137
283.811 -77.1283 -71.9144
288.593 -77.1293 -71.9151
293.376 -77.1302 -71.9157
298.159 -77.1312 -71.9163
302.941 -77.1321 -71.9169
307.724 -77.133 -71.9174
312.506 -77.1339 -71.9179
317.289 -77.1348 -71.9184
322.071 -77.1357 -71.9189
326.854 -77.1365 -71.9194
331.636 -77.1374 -71.9199
336.419 -77.1382 -71.9203
341.201 -77.139 -71.9207
345.984 -77.1398 -71.9212
350.766 -77.1407 -71.9216
355.549 -77.1415 -71.922
360.331 -77.1423 -71.9224
365.114 -77.1431 -71.9228
369.896 -77.1439 -71.9232
374.679 -77.1447 -71.9236
379.461 -77.1454 -71.9239
384.244 -77.1462 -71.9243
389.026 -77.147 -71.9247
393.809 -77.1478 -71.925
398.591 -77.1485 -71.9254
403.374 -77.1493 -71.9257
408.156 -77.1501 -71.926
412.939 -77.1508 -71.9264
417.721 -77.1516 -71.9267
422.504 -77.1523 -71.927
427.286 -77.153 -71.9273
432.069 -77.1538 -71.9276
436.851 -77.1545 -71.9279
441.634 -77.1552 -71.9282
446.416 -77.156 -71.9286
451.199 -77.1567 -71.9288
455.981 -77.1574 -71.9291
460.764 -77.1581 -71.9294
465.546 -77.1588 -71.9297
470.329 -77.1595 -71.93
475.111 -77.1602 -71.9302
479.894 -77.1609 -71.9305
484.677 -77.1616 -71.9308
489.459 -77.1623 -71.931
494.242 -77.163 -71.9313
499.024 -77.1637 -71.9316
503.807 -77.1644 -71.9318
508.589 -77.165 -71.9321
513.372 -77.1657 -71.9323
518.154 -77.1664 -71.9325
522.937 -77.167 -71.9328
527.719 -77.1677 -71.933
532.502 -77.1684 -71.9332
537.284 -77.169 -71.9335
542.067 -77.1697 -71.9337
546.849 -77.1703 -71.9339
551.632 -77.1709 -71.9341
556.414 -77.1716 -71.9344
561.197 -77.1722 -71.9346
565.979 -77.1728 -71.9348
570.762 -77.1735 -71.935
575.544 -77.1741 -71.9353
580.327 -77.1747 -71.9355
585.109 -77.1753 -71.9357
589.892 -77.1759 -71.9359
594.674 -77.1766 -71.9361
599.457 -77.1772 -71.9363
604.239 -77.1778 -71.9365
609.022 -77.1784 -71.9367
612.478 -77.1788 -71.9368
615.935 -77.1792 -71.937
619.392 -77.1796 -71.9371
622.848 -77.1801 -71.9373
626.305 -77.1805 -71.9374
629.761 -77.1809 -71.9375
633.218 -77.1813 -71.9377
636.675 -77.1818 -71.9378
640.131 -77.1822 -71.9379
643.588 -77.1826 -71.9381
647.045 -77.183 -71.9382
650.501 -77.1834 -71.9383
653.958 -77.1838 -71.9384
657.414 -77.1842 -71.9386
660.871 -77.1846 -71.9387
664.328 -77.185 -71.9388
667.784 -77.1854 -71.939
671.241 -77.1858 -71.9391
674.697 -77.1862 -71.9392
678.154 -77.1866 -71.9393
681.611 -77.187 -71.9395
685.067 -77.1874 -71.9396
688.524 -77.1878 -71.9397
691.98 -77.1882 -71.9398
695.437 -77.1886 -71.94
698.894 -77.189 -71.9401
702.35 -77.1894 -71.9402
705.807 -77.1897 -71.9403
709.263 -77.1901 -71.9404
712.72 -77.1905 -71.9406
716.177 -77.1909 -71.9407
719.633 -77.1912 -71.9408
723.09 -77.1916 -71.9409
726.546 -77.192 -71.941
730.003 -77.1924 -71.9411
733.46 -77.1927 -71.9412
736.916 -77.1931 -71.9414
740.373 -77.1935 -71.9415
743.83 -77.1938 -71.9416
747.286 -77.1942 -71.9417
750.743 -77.1945 -71.9418
754.199 -77.1949 -71.9419
757.656 -77.1953 -71.942
761.113 -77.1956 -71.9421
764.569 -77.196 -71.9422
768.026 -77.1963 -71.9423
771.482 -77.1967 -71.9424
774.939 -77.197 -71.9426
778.396 -77.1974 -71.9427
781.852 -77.1977 -71.9428
785.309 -77.198 -71.9429
788.765 -77.1984 -71.943
792.222 -77.1987 -71.9431
795.679 -77.1991 -71.9432
799.135 -77.1994 -71.9433
802.592 -77.1997 -71.9434
806.048 -77.2 -71.9435
809.505 -77.2004 -71.9436
812.962 -77.2007 -71.9437
816.418 -77.201 -71.9438
819.875 -77.2014 -71.9439
823.331 -77.2017 -71.944
826.788 -77.202 -71.9441
830.245 -77.2023 -71.9442
833.701 -77.2026 -71.9443
837.158 -77.203 -71.9443
840.614 -77.2033 -71.9444
844.071 -77.2036 -71.9445
847.528 -77.2039 -71.9446
852.787 -77.2044 -71.9448
858.046 -77.2048 -71.9449
863.306 -77.2053 -71.945
868.565 -77.2058 -71.9452
873.824 -77.2062 -71.9453
881.879 -77.2069 -71.9455
889.934 -77.2076 -71.9457
897.989 -77.2082 -71.9459
910.096 -77.2092 -71.9462
922.202 -77.2102 -71.9465
934.308 -77.2112 -71.9468
946.414 -77.2121 -71.9471
958.52 -77.213 -71.9473
978.125 -77.2145 -71.9478
997.73 -77.2159 -71.9482
1017.34 -77.2172 -71.9486
1046.88 -77.2192 -71.9491
1092.72 -77.222 -71.95
1138.55 -77.2246 -71.9507
1184.38 -77.227 -71.9514
1230.22 -77.2292 -71.9521
1276.05 -77.2313 -71.9527
1321.88 -77.2331 -71.9533
1346.57 -77.2341 -71.9535
1371.26 -77.235 -71.9538
1395.95 -77.2358 -71.954
1420.64 -77.2366 -71.9542
1445.33 -77.2373 -71.9544
1470.01 -77.2381 -71.9547
1494.7 -77.2388 -71.9548
1519.39 -77.2394 -71.955
1544.08 -77.2401 -71.9553
1556.99 -77.2404 -71.9554
1569.89 -77.2407 -71.9554
1582.8 -77.241 -71.9555
1595.71 -77.2413 -71.9556
1608.61 -77.2416 -71.9556
1621.52 -77.2418 -71.9557
1645.73 -77.2423 -71.9559
1669.94 -77.2428 -71.956
1694.15 -77.2433 -71.9561
1743.83 -77.2441 -71.9564
1793.5 -77.2449 -71.9566
1843.18 -77.2456 -71.9569
1892.85 -77.2462 -71.9569
1917.6 -77.2465 -71.9571
1942.35 -77.2468 -71.9571
1967.1 -77.247 -71.9572
1991.85 -77.2473 -71.9574
2016.6 -77.2475 -71.9574
2041.35 -77.2477 -71.9572
2053.65 -77.2478 -71.9573
2065.94 -77.2479 -71.9574
2078.24 -77.248 -71.9575
2090.53 -77.2481 -71.9576
2102.82 -77.2482 -71.9576
2124.4 -77.2484 -71.9576
2145.98 -77.2486 -71.9577
2167.56 -77.2487 -71.9577
2189.13 -77.2488 -71.9577
2232.75 -77.2491 -71.9579
2276.37 -77.2493 -71.9578
2300.22 -77.2495 -71.9579
2324.06 -77.2496 -71.9579
2347.91 -77.2497 -71.958
2371.76 -77.2498 -71.9581
2395.6 -77.2499 -71.9581
2419.45 -77.25 -71.9581
2443.3 -77.2501 -71.9582
2467.14 -77.2502 -71.9582
2490.99 -77.2502 -71.958
2502.45 -77.2503 -71.958
2513.91 -77.2503 -71.9581
2525.37 -77.2503 -71.9582
2536.83 -77.2504 -71.9582
2560.77 -77.2505 -71.9582
2584.71 -77.2505 -71.9583
2608.65 -77.2506 -71.9583
2632.59 -77.2507 -71.9583
2673.4 -77.2508 -71.9583
2714.21 -77.2508 -71.9583
2755.03 -77.2509 -71.9584
2765.23 -77.251 -71.9584
2775.43 -77.251 -71.9584
2785.63 -77.251 -71.9584
2795.84 -77.251 -71.9584
2806.04 -77.251 -71.9584
2824.03 -77.251 -71.9584
2842.01 -77.2511 -71.9584
2908.12 -77.2512 -71.9584
3009.09 -77.2513 -71.9585
3110.06 -77.2514 -71.9585
3211.04 -77.2515 -71.9586
3248.89 -77.2515 -71.9585
3286.74 -77.2515 -71.9586
3324.6 -77.2515 -71.9585
3362.45 -77.2515 -71.9584
3376.34 -77.2515 -71.9585
3390.22 -77.2515 -71.9585
3404.1 -77.2515 -71.9585
3417.98 -77.2516 -71.9585
3431.86 -77.2516 -71.9585
3459.45 -77.2516 -71.9586
3501.02 -77.2516 -71.9585
3542.59 -77.2516 -71.9586
3584.16 -77.2516 -71.9585
3625.74 -77.2517 -71.9586
3636.13 -77.2517 -71.9586
3646.52 -77.2517 -71.9586
3656.92 -77.2517 -71.9586
3667.31 -77.2517 -71.9586
3677.7 -77.2517 -71.9586
3695.49 -77.2517 -71.9586
3713.28 -77.2517 -71.9586
3731.07 -77.2517 -71.9586
3748.86 -77.2517 -71.9586
3802.27 -77.2517 -71.9586
3855.68 -77.2517 -71.9585
3909.09 -77.2517 -71.9585
3962.5 -77.2517 -71.9586
4015.91 -77.2517 -71.9585
4069.32 -77.2518 -71.9587
4089.13 -77.2517 -71.9586
4108.94 -77.2517 -71.9586
4128.75 -77.2517 -71.9586
4148.56 -77.2517 -71.9586
4181 -77.2517 -71.9586
4213.43 -77.2517 -71.9586
4245.87 -77.2517 -71.9586
4296.47 -77.2517 -71.9586
4347.08 -77.2518 -71.9587
4391.95 -77.2518 -71.9586
4436.81 -77.2518 -71.9587
4458.61 -77.2518 -71.9586
4480.41 -77.2518 -71.9586
4502.2 -77.2518 -71.9586
4524 -77.2518 -71.9585
4545.8 -77.2517 -71.9585
4567.6 -77.2518 -71.9587
4589.39 -77.2518 -71.9586
4611.19 -77.2518 -71.9586
4632.99 -77.2518 -71.9587
4644.33 -77.2518 -71.9587
4655.67 -77.2518 -71.9587
4667.01 -77.2518 -71.9586
4687.49 -77.2518 -71.9586
4707.98 -77.2518 -71.9586
4752.89 -77.2518 -71.9586
4797.79 -77.2518 -71.9586
4881.63 -77.2518 -71.9586
5188.94 -77.2518 -71.9587
5300.43 -77.2517 -71.9585
5335.96 -77.2518 -71.9586
5371.5 -77.2518 -71.9586
5407.03 -77.2518 -71.9586
5442.57 -77.2518 -71.9586
5451.45 -77.2518 -71.9586
5460.33 -77.2518 -71.9586
5475.06 -77.2518 -71.9586
5497.45 -77.2518 -71.9586
5551.47 -77.2518 -71.9586
5633.93 -77.2518 -71.9586
5800.76 -77.2518 -71.9586
5967.59 -77.2518 -71.9587
6009.3 -77.2518 -71.9586
6025.23 -77.2518 -71.9586
6041.17 -77.2518 -71.9586
6057.11 -77.2518 -71.9586
6073.05 -77.2518 -71.9586
6088.98 -77.2518 -71.9586
6117.75 -77.2518 -71.9586
6161.38 -77.2518 -71.9586
6236.63 -77.2518 -71.9587
6274.23 -77.2518 -71.9586
6294 -77.2518 -71.9586
6313.77 -77.2518 -71.9586
6333.54 -77.2518 -71.9586
6353.31 -77.2518 -71.9586
6373.09 -77.2518 -71.9586
6392.86 -77.2518 -71.9586
6423.77 -77.2518 -71.9586
6454.69 -77.2518 -71.9586
6485.6 -77.2518 -71.9586
6516.51 -77.2518 -71.9586
6547.43 -77.2518 -71.9586
6578.34 -77.2518 -71.9586
6609.26 -77.2518 -71.9586
6640.17 -77.2518 -71.9586
6671.09 -77.2518 -71.9586
6702 -77.2518 -71.9587
6732.92 -77.2518 -71.9586
6749.73 -77.2518 -71.9586
6766.55 -77.2518 -71.9586
6783.36 -77.2518 -71.9586
6809.31 -77.2518 -71.9586
6851.78 -77.2518 -71.9586
6929.68 -77.2518 -71.9586
7404.7 -77.2518 -71.9586
7879.73 -77.2517 -71.9585
8023.36 -77.2518 -71.9587
8062.3 -77.2518 -71.9585
8076.17 -77.2518 -71.9586
8090.04 -77.2518 -71.9586
8103.91 -77.2518 -71.9586
8117.78 -77.2518 -71.9586
8138.98 -77.2518 -71.9586
8172.95 -77.2518 -71.9586
8206.92 -77.2518 -71.9586
8240.89 -77.2518 -71.9586
8274.86 -77.2518 -71.9586
8308.83 -77.2518 -71.9586
8342.8 -77.2518 -71.9586
8376.77 -77.2518 -71.9586
8410.73 -77.2518 -71.9586
8462.8 -77.2518 -71.9586
8514.87 -77.2518 -71.9587
8566.94 -77.2518 -71.9585
8590.29 -77.2518 -71.9586
8613.64 -77.2518 -71.9586
8637 -77.2518 -71.9586
8660.35 -77.2518 -71.9587
8683.7 -77.2518 -71.9586
8707.06 -77.2518 -71.9586
8730.41 -77.2518 -71.9587
8742.53 -77.2518 -71.9587
8754.65 -77.2518 -71.9587
8766.77 -77.2518 -71.9587
8793.55 -77.2518 -71.9586
8820.33 -77.2518 -71.9586
8865.07 -77.2518 -71.9586
8909.81 -77.2518 -71.9586
8954.55 -77.2518 -71.9586
8999.3 -77.2518 -71.9586
9044.04 -77.2518 -71.9586
9088.78 -77.2517 -71.9585
9105.01 -77.2518 -71.9586
9121.24 -77.2518 -71.9586
9137.47 -77.2518 -71.9586
9153.69 -77.2518 -71.9586
9169.92 -77.2518 -71.9586
9197.31 -77.2518 -71.9586
9224.71 -77.2518 -71.9586
9266.25 -77.2518 -71.9586
9307.8 -77.2518 -71.9586
9349.35 -77.2518 -71.9587
9359.74 -77.2518 -71.9587
9370.12 -77.2518 -71.9586
9380.51 -77.2518 -71.9586
9390.9 -77.2518 -71.9586
9401.28 -77.2518 -71.9586
9418.77 -77.2518 -71.9586
9436.25 -77.2518 -71.9586
9453.73 -77.2518 -71.9586
9471.22 -77.2518 -71.9586
9523.82 -77.2518 -71.9586
9576.42 -77.2518 -71.9586
9629.02 -77.2518 -71.9586
9681.62 -77.2518 -71.9586
9734.22 -77.2518 -71.9586
9786.83 -77.2518 -71.9587
9806.7 -77.2518 -71.9586
9826.57 -77.2518 -71.9586
9846.44 -77.2518 -71.9586
9866.31 -77.2518 -71.9586
9899.03 -77.2518 -71.9586
9931.75 -77.2518 -71.9586
9964.46 -77.2518 -71.9586
10015.5 -77.2518 -71.9586
10066.6 -77.2518 -71.9587
10111.6 -77.2518 -71.9586
10136.3 -77.2518 -71.9586
10161 -77.2518 -71.9586
10185.8 -77.2518 -71.9586
10200 -77.2518 -71.9586
10200 -77.2518 -71.9586
10200 -77.2377 -71.9586
10200 -77.2244 -71.9586
10200 -77.1999 -71.9586
10200 -77.1773 -71.9586
10200 -77.1377 -71.9586
10200 -77.1024 -71.9586
10200 -77.0699 -71.9586
10200 -77.0395 -71.9586
10200 -77.0106 -71.9586
10200 -76.9827 -71.9586
10200 -76.9388 -71.9586
10200 -76.8969 -71.9586
10200 -76.8566 -71.9586
10200 -76.7878 -71.9586
10200 -76.7228 -71.9586
10200 -76.6608 -71.9586
10200 -76.5549 -71.9586
10200 -76.4556 -71.9586
10200 -76.3614 -71.9586
10200 -76.2715 -71.9586
10200 -76.1854 -71.9586
10200 -76.1025 -71.9586
10200 -75.9713 -71.9586
10200 -75.8468 -71.9586
10200 -75.7279 -71.9586
10200 -75.555 -71.9586
10200 -75.3917 -71.9586
10200 -75.2365 -71.9586
10200 -74.997 -71.9586
10200.1 -74.7727 -71.9586
10200.1 -74.5611 -71.9586
10200.1 -74.3602 -71.9586
10200.1 -74.1683 -71.9586
10200.1 -73.9843 -71.9586
10200.1 -73.7088 -71.9586
10200.1 -73.4477 -71.9586
10200.1 -73.1991 -71.9586
10200.1 -72.9612 -71.9586
10200.1 -72.7328 -71.9586
10200.2 -72.5128 -71.9586
10200.2 -72.1683 -71.9586
10200.2 -71.8412 -71.9586
10200.2 -71.5294 -71.9586
10200.2 -71.2311 -71.9586
10200.3 -70.9449 -71.9586
10200.3 -70.6694 -71.9586
10200.3 -70.2418 -71.9586
10200.3 -69.8366 -71.9586
10200.4 -69.4511 -71.9585
10200.4 -69.0829 -71.9584
10200.4 -68.7301 -71.9581
10200.5 -68.3911 -71.9578
10200.5 -67.8943 -71.957
10200.6 -67.4227 -71.9559
10200.6 -66.9727 -71.9541
10200.7 -66.5417 -71.9518
10200.7 -66.1273 -71.9488
10200.8 -65.7276 -71.945
10200.8 -65.3408 -71.9404
10200.9 -64.7613 -71.9315
10201 -64.2054 -71.9204
10201 -63.6694 -71.9069
10201.1 -63.1504 -71.8911
10201.2 -62.6456 -71.8729
10201.3 -62.1526 -71.8523
10201.3 -61.6695 -71.8294
10201.5 -60.8919 -71.7867
10201.6 -60.1271 -71.7379
10201.7 -59.3669 -71.6831
10201.8 -58.6017 -71.6227
10202 -57.8201 -71.5567
10202.1 -57.0065 -71.4854
10202.2 -56.1384 -71.409
10202.3 -55.1811 -71.3275
10202.5 -54.0692 -71.2413
10202.5 -53.1947 -71.1819
10202.6 -52.1255 -71.1205
10202.7 -51.2479 -71.0789
10202.7 -50.1404 -71.0364
10202.8 -49.1775 -71.0069
10202.8 -47.9389 -70.977
10202.8 -46.84 -70.9563
10202.9 -45.4191 -70.9353
10202.9 -44.1141 -70.9203
10202.9 -42.4275 -70.9052
10202.9 -40.8406 -70.8941
10202.9 -38.7996 -70.883
10202.9 -36.0729 -70.8718
10202.9 -33.7401 -70.8645
10202.9 -30.7654 -70.8571
10203 -26.8847 -70.8498
10203 -21.7269 -70.8423
10203 -17.0738 -70.8371
10203 -11.4038 -70.8319
10203 -6.99778 -70.8283
10203 -2.14268 -70.8248
10203 3.05994 -70.8213
10203 8.4387 -70.8177
10203 13.7667 -70.8142
10203 18.7945 -70.8106
10203 22.1548 -70.808
10203 25.183 -70.8054
10203 27.8492 -70.8028
10203 30.1475 -70.8002
10203 32.0943 -70.7976
10203 33.7209 -70.795
10203 35.065 -70.7924
10203 36.1655 -70.7897
10203 37.0594 -70.7871
10203 37.7807 -70.7845
10203 38.3587 -70.7819
10203 38.8178 -70.7792
10203 39.178 -70.7766
10203 39.4556 -70.7739
10203 39.664 -70.7713
10203 39.814 -70.7686
10203 39.914 -70.766
10203 39.9865 -70.7619
10203.1 39.9762 -70.7578
10203.1 39.8981 -70.7536
10203.1 39.7633 -70.7495
10203.1 39.5804 -70.7454
10203.1 39.3557 -70.7412
10203.1 39.0945 -70.7371
10203.1 38.6199 -70.7305
10203.1 38.0778 -70.724
10203.1 37.4782 -70.7174
10203.1 36.8286 -70.7108
10203.1 36.1352 -70.7041
10203.1 35.4034 -70.6975
10203.1 34.6381 -70.6908
10203.1 33.8439 -70.6841
10203.1 33.0246 -70.6774
10203.1 32.1839 -70.6706
10203.2 31.3251 -70.6638
10203.2 29.9322 -70.653
10203.2 28.514 -70.6421
10203.2 27.0818 -70.6311
10203.2 25.645 -70.6201
10203.2 24.2121 -70.6089
10203.2 22.7911 -70.5977
10203.2 21.3883 -70.5863
10203.2 20.0088 -70.5748
10203.3 18.6573 -70.5631
10203.3 17.3365 -70.5513
10203.3 16.0484 -70.5393
10203.3 14.795 -70.5272
10203.3 13.5765 -70.5148
10203.3 12.3928 -70.5021
10203.3 11.244 -70.4893
10203.3 10.1287 -70.4761
10203.3 9.04581 -70.4626
10203.4 7.99478 -70.4489
10203.4 6.97344 -70.4347
10203.4 5.98034 -70.4202
10203.4 5.01464 -70.4054
10203.4 4.07414 -70.3901
10203.4 3.15752 -70.3744
10203.4 2.2637 -70.3582
10203.4 1.39101 -70.3416
10203.5 0.538274 -70.3245
10203.5 -0.295585 -70.3069
10203.5 -1.11188 -70.2888
10203.5 -1.91149 -70.2702
10203.5 -2.69536 -70.2511
10203.5 -3.46459 -70.2314
10203.5 -4.60802 -70.2004
10203.5 -5.72165 -70.1682
10203.6 -6.80826 -70.1346
10203.6 -7.86985 -70.0996
10203.6 -8.90801 -70.0633
10203.6 -9.9245 -70.0257
10203.6 -10.9208 -69.9866
10203.6 -11.8982 -69.9462
10203.7 -12.8582 -69.9045
10203.7 -13.8019 -69.8614
10203.7 -14.7304 -69.817
10203.7 -15.6448 -69.7712
10203.7 -16.9948 -69.6999
10203.8 -18.319 -69.6257
10203.8 -19.621 -69.5486
10203.8 -20.9043 -69.4687
10203.8 -22.1726 -69.3861
10203.9 -23.4298 -69.3007
10203.9 -24.6802 -69.2128
10203.9 -25.9282 -69.1223
10203.9 -27.1784 -69.0294
10204 -28.4359 -68.934
10204 -29.7057 -68.8363
10204 -30.9935 -68.7364
10204.1 -32.3045 -68.6342
10204.1 -33.644 -68.5299
10204.1 -35.0166 -68.4236
10204.1 -36.426 -68.3152
10204.2 -37.8743 -68.2049
10204.2 -39.3608 -68.0928
10204.2 -40.8817 -67.9787
10204.2 -42.4295 -67.8629
10204.3 -43.9921 -67.7454
10204.3 -45.5535 -67.6262
10204.3 -47.0948 -67.5053
10204.3 -48.5954 -67.3829
10204.4 -50.0352 -67.2589
10204.4 -51.0499 -67.1663
10204.4 -52.0156 -67.0729
10204.4 -52.9271 -66.9787
10204.4 -53.7808 -66.8838
10204.5 -54.5748 -66.7881
10204.5 -55.3087 -66.6918
10204.5 -55.983 -66.5947
10204.5 -56.5992 -66.497
10204.5 -57.1601 -66.3986
10204.6 -57.669 -66.2996
10204.6 -58.1295 -66.1999
10204.6 -58.5457 -66.0997
10204.6 -58.9214 -65.999
10204.6 -59.2605 -65.8976
10204.7 -59.5666 -65.7958
10204.7 -59.843 -65.6934
10204.7 -60.0926 -65.5905
10204.7 -60.3183 -65.4872
10204.7 -60.5224 -65.3834
10204.7 -60.7069 -65.2791
10204.8 -60.8738 -65.1745
10204.8 -61.0248 -65.0694
10204.8 -61.1611 -64.9639
10204.8 -61.2841 -64.858
10204.8 -61.3949 -64.7517
10204.9 -61.4944 -64.6451
10204.9 -61.5836 -64.5381
10204.9 -61.6632 -64.4307
10204.9 -61.7339 -64.323
10204.9 -61.7964 -64.2149
10205 -61.8512 -64.1064
10205 -61.8988 -63.9977
10205 -61.9398 -63.8885
10205 -61.9445 -63.8746
10205 -61.9445 -63.8746
10205 -61.9587 -63.8741
10205 -61.9721 -63.8736
10205 -61.9966 -63.8726
10205 -62.0191 -63.8716
10205 -62.0586 -63.8696
10205 -62.0936 -63.8675
10205 -62.1256 -63.8654
10205 -62.1554 -63.8633
10205 -62.1836 -63.8612
10205 -62.2107 -63.859
10205 -62.2529 -63.8553
10205 -62.293 -63.8516
10205 -62.3311 -63.8478
10205 -62.3957 -63.8409
10205 -62.4561 -63.8338
10205 -62.5129 -63.8266
10205 -62.6079 -63.8131
10205 -62.6954 -63.7992
10205 -62.777 -63.785
10205 -62.8534 -63.7705
10205 -62.9255 -63.7557
10205 -62.9938 -63.7406
10205 -63.0998 -63.715
10205 -63.198 -63.6887
10205 -63.2896 -63.6618
10205 -63.4189 -63.6197
10205 -63.5372 -63.5765
10205 -63.6463 -63.5322
10205 -63.8065 -63.4586
10205.1 -63.9503 -63.3828
10205.1 -64.0806 -63.305
10205.1 -64.1998 -63.2254
10205.1 -64.3095 -63.1441
10205.1 -64.4113 -63.0613
10205.1 -64.5576 -62.9283
10205.1 -64.6897 -62.7921
10205.1 -64.8097 -62.6532
10205.1 -64.9195 -62.5117
10205.1 -65.0204 -62.3681
10205.2 -65.1135 -62.2224
10205.2 -65.1997 -62.0749
10205.2 -65.3187 -61.8487
10205.2 -65.4255 -61.6191
10205.2 -65.5218 -61.3868
10205.2 -65.6087 -61.152
10205.3 -65.6874 -60.9151
10205.3 -65.7587 -60.6763
10205.3 -65.8233 -60.4361
10205.3 -65.8819 -60.1945
10205.3 -65.935 -59.9517
10205.3 -65.9831 -59.7081
10205.4 -66.0266 -59.4637
10205.4 -66.0658 -59.2186
10205.4 -66.1011 -58.973
10205.4 -66.1327 -58.7271
10205.4 -66.161 -58.4809
10205.4 -66.1861 -58.2344
10205.5 -66.2083 -57.9878
10205.5 -66.2277 -57.7412
10205.5 -66.2446 -57.4946
10205.5 -66.2591 -57.248
10205.5 -66.2713 -57.0015
10205.6 -66.2813 -56.7551
10205.6 -66.2893 -56.5089
10205.6 -66.2955 -56.2628
10205.6 -66.2998 -56.0169
10205.6 -66.3025 -55.7712
10205.6 -66.3035 -55.5257
10205.7 -66.303 -55.2803
10205.7 -66.3011 -55.0351
10205.7 -66.2978 -54.7901
10205.7 -66.2931 -54.5452
10205.7 -66.2873 -54.3003
10205.7 -66.2802 -54.0555
10205.8 -66.2663 -53.6592
10205.8 -66.2496 -53.2627
10205.8 -66.2303 -52.8657
10205.9 -66.2085 -52.4681
10205.9 -66.1844 -52.0694
10205.9 -66.1582 -51.6694
10205.9 -66.1299 -51.2676
10206 -66.0997 -50.8635
10206 -66.0676 -50.4566
10206 -66.0339 -50.0465
10206.1 -65.9985 -49.6324
10206.1 -65.9616 -49.2138
10206.1 -65.9232 -48.7897
10206.1 -65.8834 -48.3596
10206.2 -65.8424 -47.9223
10206.2 -65.8001 -47.477
10206.2 -65.7567 -47.0226
10206.3 -65.7121 -46.5578
10206.3 -65.6666 -46.0814
10206.3 -65.62 -45.592
10206.3 -65.5725 -45.0879
10206.4 -65.524 -44.5676
10206.4 -65.4748 -44.0291
10206.4 -65.4247 -43.4705
10206.5 -65.3738 -42.8898
10206.5 -65.3221 -42.2847
10206.5 -65.2698 -41.653
10206.5 -65.2167 -40.9921
10206.6 -65.163 -40.2996
10206.6 -65.1087 -39.5731
10206.6 -65.0537 -38.8103
10206.7 -64.9982 -38.0089
10206.7 -64.9421 -37.1672
10206.7 -64.8558 -35.8067
10206.8 -64.7684 -34.3485
10206.8 -64.6799 -32.7968
10206.9 -64.5905 -31.1628
10206.9 -64.5002 -29.4657
10206.9 -64.4092 -27.732
10207 -64.3174 -25.9932
10207 -64.2251 -24.2825
10207.1 -64.1322 -22.6307
10207.1 -64.0389 -21.0628
10207.2 -63.9452 -19.5961
10207.2 -63.8512 -18.2395
10207.2 -63.7569 -16.9953
10207.3 -63.6624 -15.8603
10207.3 -63.5678 -14.8277
10207.4 -63.473 -13.8888
10207.4 -63.3783 -13.0345
10207.5 -63.2835 -12.2558
10207.5 -63.1887 -11.5451
10207.5 -63.094 -10.8957
10207.6 -62.9995 -10.3028
10207.6 -62.9051 -9.7627
10207.7 -62.8109 -9.27269
10207.7 -62.7169 -8.83058
10207.8 -62.6231 -8.43426
10207.8 -62.5296 -8.08147
10207.8 -62.4364 -7.76966
10207.9 -62.3435 -7.49587
10207.9 -62.251 -7.25681
10208 -62.1587 -7.0491
10208 -62.0669 -6.86935
10208.1 -61.9754 -6.7142
10208.1 -61.8842 -6.58043
10208.1 -61.7935 -6.46502
10208.2 -61.7031 -6.3652
10208.2 -61.6131 -6.27843
10208.3 -61.5235 -6.2024
10208.3 -61.4343 -6.13502
10208.4 -61.3455 -6.07445
10208.4 -61.2571 -6.01903
10208.5 -61.1691 -5.96728
10208.5 -61.0815 -5.91789
10208.5 -60.9942 -5.8697
10208.6 -60.9074 -5.82168
10208.6 -60.8209 -5.77293
10208.7 -60.7349 -5.72263
10208.7 -60.6492 -5.67006
10208.8 -60.5638 -5.6146
10208.8 -60.4789 -5.55566
10208.8 -60.3943 -5.49277
10208.9 -60.3101 -5.42546
10208.9 -60.2262 -5.35336
10209 -60.1427 -5.27615
10209 -60.0595 -5.19355
10209.1 -59.9766 -5.10535
10209.1 -59.8941 -5.01139
10209.1 -59.8119 -4.91158
10209.2 -59.73 -4.80587
10209.2 -59.6484 -4.69427
10209.3 -59.567 -4.57684
10209.3 -59.507 -4.4862
10209.3 -59.4471 -4.39248
10209.4 -59.3873 -4.29573
10209.4 -59.3277 -4.19604
10209.4 -59.2682 -4.09349
10209.5 -59.2089 -3.98816
10209.5 -59.1496 -3.88015
10209.5 -59.0905 -3.76957
10209.6 -59.0315 -3.6565
10209.6 -58.9725 -3.54105
10209.6 -58.9137 -3.42334
10209.7 -58.855 -3.30347
10209.7 -58.7963 -3.18154
10209.7 -58.7377 -3.05766
10209.7 -58.6792 -2.93196
10209.8 -58.6208 -2.80453
10209.8 -58.5624 -2.6755
10209.8 -58.504 -2.54498
10209.9 -58.4457 -2.41308
10209.9 -58.3874 -2.27993
10209.9 -58.3292 -2.14564
10210 -58.271 -2.01034
10210 -58.2127 -1.87415
10210 -58.1545 -1.73719
10210.1 -58.0962 -1.59958
10210.1 -58.038 -1.46146
10210.1 -57.9797 -1.32294
10210.2 -57.9214 -1.18415
10210.2 -57.863 -1.04522
10210.2 -57.8045 -0.906259
10210.3 -57.746 -0.767395
10210.3 -57.6874 -0.628747
10210.3 -57.5921 -0.404224
10210.4 -57.4964 -0.181072
10210.4 -57.4004 0.0402338
10210.5 -57.304 0.259237
10210.6 -57.2072 0.475504
10210.6 -57.1098 0.688622
10210.7 -57.012 0.898207
10210.7 -56.9135 1.1039
10210.8 -56.8143 1.30536
10210.8 -56.7143 1.50228
10210.9 -56.6136 1.69439
10210.9 -56.5119 1.88145
10211 -56.4092 2.06321
10211 -56.3054 2.23951
10211.1 -56.2005 2.41016
10211.1 -56.1248 2.52858
10211.1 -56.0483 2.644
10211.2 -55.9711 2.75639
10211.2 -55.8931 2.86572
10211.3 -55.8144 2.97196
10211.3 -55.7347 3.0751
10211.3 -55.6541 3.17512
10211.4 -55.5726 3.27201
10211.4 -55.49 3.36577
10211.4 -55.4063 3.4564
10211.5 -55.3214 3.5439
10211.5 -55.2353 3.6283
10211.6 -55.1479 3.70959
10211.6 -55.059 3.78779
10211.6 -54.9687 3.86294
10211.7 -54.8768 3.93504
10211.7 -54.7833 4.00413
10211.7 -54.6879 4.07023
10211.8 -54.5906 4.13337
10211.8 -54.4913 4.19359
10211.9 -54.3898 4.25092
10211.9 -54.2859 4.3054
10211.9 -54.1795 4.35706
10212 -54.0705 4.40595
10212 -53.9585 4.45209
10212 -53.8433 4.49554
10212.1 -53.7248 4.53634
10212.1 -53.6026 4.57452
10212.2 -53.4067 4.62826
10212.2 -53.2 4.67608
10212.3 -52.981 4.71813
10212.3 -52.7475 4.75457
10212.4 -52.4974 4.78556
10212.5 -52.2274 4.81127
10212.5 -51.9338 4.83184
10212.6 -51.6116 4.84745
10212.7 -51.0256 4.86239
10212.7 -50.3103 4.86587
10212.8 -49.3948 4.85852
10212.9 -48.6106 4.8479
10213 -47.6025 4.83292
10213 -46.6725 4.81968
10213 -45.4645 4.80438
10213.1 -44.3651 4.79247
10213.1 -42.9424 4.77962
10213.1 -41.598 4.76963
10213.2 -39.8653 4.75916
10213.2 -37.5446 4.74822
10213.2 -35.556 4.74083
10213.2 -33.0142 4.73324
10213.2 -29.69 4.72546
10213.2 -25.2628 4.7175
10213.2 -21.1479 4.71163
10213.2 -17.6399 4.70737
10213.3 -13.6293 4.70307
10213.3 -9.14025 4.69872
10213.3 -4.26797 4.69432
10213.3 0.809227 4.68987
10213.3 4.56191 4.68655
10213.3 8.18444 4.6832
10213.3 11.5741 4.67983
10213.3 14.6486 4.67643
10213.3 17.3557 4.673
10213.3 19.6738 4.66955
10213.3 21.6057 4.66608
10213.3 23.1742 4.66259
10213.3 24.4133 4.65907
10213.3 25.3611 4.65552
10213.3 26.0563 4.65196
10213.3 26.5346 4.64837
10213.3 26.8278 4.64475
10213.4 26.9635 4.64112
10213.4 26.9657 4.63746
10213.4 26.8542 4.63379
10213.4 26.6458 4.63009
10213.4 26.3548 4.62637
10213.4 25.9931 4.62262
10213.4 25.3263 4.61686
10213.4 24.5481 4.61105
10213.4 23.6828 4.6052
10213.4 22.7505 4.5993
10213.4 21.7674 4.59336
10213.4 20.7473 4.58738
10213.4 19.7018 4.58136
10213.5 18.0601 4.572
10213.5 16.4096 4.56255
10213.5 14.773 4.55304
10213.5 13.1654 4.54347
10213.5 11.597 4.53385
10213.5 10.0754 4.52419
10213.5 8.60453 4.51453
10213.5 7.18577 4.50487
10213.6 5.81976 4.49523
10213.6 4.50473 4.48563
10213.6 3.23841 4.47611
10213.6 2.01918 4.46668
10213.6 0.844146 4.45736
10213.6 -0.289605 4.44819
10213.6 -1.38445 4.43919
10213.6 -2.44321 4.43038
10213.7 -3.46843 4.42179
10213.7 -4.46218 4.41345
10213.7 -5.42675 4.40536
10213.7 -6.36423 4.39757
10213.7 -7.27637 4.39007
10213.7 -8.64704 4.37908
10213.8 -9.96636 4.36891
10213.8 -11.2392 4.35961
10213.8 -12.4703 4.35122
10213.8 -13.6634 4.34375
10213.8 -14.8222 4.3372
10213.9 -15.9497 4.33157
10213.9 -17.0487 4.32685
10213.9 -18.1218 4.32301
10213.9 -19.7439 4.31871
10214 -21.3175 4.31631
10214 -22.8505 4.31564
10214 -24.3501 4.3165
10214.1 -25.8227 4.31868
10214.1 -27.2742 4.32198
10214.1 -28.7103 4.32619
10214.1 -30.1363 4.33109
10214.2 -32.3433 4.33964
10214.2 -34.5507 4.34869
10214.3 -36.7664 4.35759
10214.3 -38.99 4.36577
10214.4 -41.2099 4.37272
10214.4 -43.4109 4.37796
10214.5 -45.57 4.3811
10214.5 -47.6586 4.38178
10214.6 -49.6365 4.37968
10214.6 -50.9846 4.37626
10214.7 -52.2479 4.37113
10214.7 -53.4146 4.36421
10214.7 -54.4782 4.35542
10214.8 -55.4405 4.34467
10214.8 -56.3065 4.33191
10214.8 -57.0827 4.31707
10214.9 -57.7771 4.30009
10214.9 -58.3992 4.28092
10214.9 -58.9583 4.25952
10215 -59.4621 4.23586
10215 -59.9171 4.2099
10215 -60.3297 4.18163
10215.1 -60.7047 4.15102
10215.1 -61.0462 4.11807
10215.2 -61.3576 4.08279
10215.2 -61.6417 4.04517
10215.2 -61.9011 4.00524
10215.3 -62.138 3.96302
10215.3 -62.3543 3.91854
10215.3 -62.5516 3.87182
10215.4 -62.817 3.79713
10215.4 -63.0473 3.71759
10215.5 -63.2466 3.63338
10215.5 -63.4183 3.54468
10215.6 -63.5656 3.45167
10215.7 -63.6911 3.35457
10215.7 -63.7974 3.25355
10215.8 -63.9379 3.07623
10215.9 -64.0387 2.88943
10216 -64.1067 2.69403
10216.1 -64.1474 2.49088
10216.2 -64.1654 2.28078
10216.2 -64.1643 2.06447
10216.3 -64.1473 1.84265
10216.4 -64.1168 1.61598
10216.5 -64.0749 1.38505
10216.6 -63.9937 1.0288
10216.8 -63.8951 0.665802
10216.9 -63.7831 0.297599
10217.1 -63.6609 -0.0744712
10217.2 -63.5309 -0.449233
10217.3 -63.395 -0.825664
10217.5 -63.2551 -1.20287
10217.6 -63.1126 -1.5801
10217.7 -62.9685 -1.95667
10217.9 -62.7489 -2.52677
10218.1 -62.5309 -3.09243
10218.3 -62.3166 -3.65238
10218.6 -62.1078 -4.20567
10218.8 -61.9056 -4.75159
10219 -61.711 -5.28965
10219.2 -61.5246 -5.81955
10219.4 -61.3467 -6.3411
10219.6 -61.1778 -6.85425
10219.8 -61.0179 -7.35905
10220 -60.8672 -7.8556
10220.3 -60.6488 -8.61867
10220.6 -60.4523 -9.36279
10221 -60.2771 -10.0891
10221.3 -60.1224 -10.7987
10221.6 -59.9874 -11.493
10221.9 -59.871 -12.1731
10222.3 -59.7725 -12.8405
10222.6 -59.691 -13.4962
10222.9 -59.6253 -14.1415
10223.2 -59.5747 -14.7775
10223.6 -59.5383 -15.4053
10223.9 -59.5163 -16.0256
10224.2 -59.5069 -16.6396
10224.5 -59.5093 -17.248
10224.8 -59.5222 -17.8515
10225.2 -59.5461 -18.4508
10225.5 -59.581 -19.0467
10225.8 -59.6254 -19.6396
10226.1 -59.6785 -20.23
10226.5 -59.7402 -20.8186
10226.8 -59.8103 -21.4056
10227.1 -59.8878 -21.9916
10227.4 -59.9732 -22.5769
10227.8 -60.0649 -23.1619
10228.1 -60.1625 -23.747
10228.4 -60.2655 -24.3324
10228.7 -60.376 -24.9186
10229.1 -60.491 -25.5058
10229.4 -60.6121 -26.0945
10229.7 -60.7343 -26.6849
10229.9 -60.8232 -27.1002
10230.1 -60.892 -27.4049
10230.3 -60.961 -27.7102
10230.4 -61.0306 -28.0163
10230.6 -61.1009 -28.3232
10230.8 -61.1722 -28.631
10230.9 -61.2445 -28.9398
10231.1 -61.3184 -29.2496
10231.3 -61.3929 -29.5605
10231.4 -61.4678 -29.8726
10231.6 -61.5433 -30.186
10231.7 -61.6204 -30.5007
10231.9 -61.6982 -30.8168
10232.1 -61.7765 -31.1345
10232.2 -61.8552 -31.4539
10232.4 -61.9351 -31.775
10232.6 -62.0157 -32.098
10232.7 -62.0968 -32.423
10232.9 -62.1783 -32.7502
10233.1 -62.2608 -33.0795
10233.2 -62.3439 -33.4113
10233.4 -62.4275 -33.7457
10233.6 -62.5115 -34.0827
10233.7 -62.5963 -34.4226
10233.9 -62.6816 -34.7656
10234.1 -62.7673 -35.1118
10234.2 -62.8535 -35.4614
10234.4 -62.9403 -35.8146
10234.6 -63.0276 -36.1716
10234.7 -63.1154 -36.5326
10234.9 -63.2035 -36.8978
10235.1 -63.2922 -37.2675
10235.3 -63.428 -37.8391
10235.6 -63.5648 -38.4223
10235.8 -63.7027 -39.0179
10236.1 -63.8415 -39.6265
10236.5 -64.0967 -40.7698
10237 -64.3552 -41.9623
10237.5 -64.617 -43.206
10237.9 -64.8823 -44.5008
10238.4 -65.1512 -45.8433
10238.8 -65.4239 -47.2269
10239.3 -65.7004 -48.6422
10239.8 -65.981 -50.0774
10240.2 -66.2658 -51.5198
10240.7 -66.5547 -52.9568
10241 -66.7575 -53.9442
10241.3 -66.9623 -54.9197
10241.6 -67.1689 -55.8799
10241.9 -67.3773 -56.8216
10242.3 -67.5873 -57.742
10242.6 -67.799 -58.6383
10242.9 -68.012 -59.5082
10243.2 -68.2264 -60.3496
10243.5 -68.4419 -61.1608
10243.9 -68.6583 -61.9403
10244.2 -68.8756 -62.6871
10244.5 -69.0934 -63.4005
10244.8 -69.3115 -64.0804
10245.1 -69.5299 -64.727
10245.5 -69.7482 -65.3408
10245.8 -69.9663 -65.9227
10246.1 -70.1839 -66.4738
10246.4 -70.4009 -66.9955
10246.7 -70.617 -67.4894
10247 -70.8321 -67.9568
10247.4 -71.046 -68.3996
10247.7 -71.2585 -68.8192
10248 -71.4695 -69.2172
10248.5 -71.8119 -69.8277
10249 -72.1492 -70.3904
10249.6 -72.4808 -70.9113
10250.1 -72.8064 -71.3953
10250.6 -73.1256 -71.8468
10251.1 -73.4382 -72.2696
10251.7 -73.744 -72.6669
10252.2 -74.0428 -73.0415
10252.7 -74.3345 -73.3957
10253.2 -74.619 -73.7313
10253.8 -74.8963 -74.05
10254.3 -75.1665 -74.353
10254.8 -75.4296 -74.6414
10255.3 -75.6855 -74.9161
10255.8 -75.9344 -75.1776
10256.4 -76.1764 -75.4267
10256.9 -76.4114 -75.6637
10257.4 -76.6397 -75.889
10257.9 -76.8612 -76.1031
10258.5 -77.0761 -76.3063
10259 -77.2845 -76.4987
10259.5 -77.4865 -76.6807
10260.3 -77.7941 -76.9488
10261.2 -78.0862 -77.1921
10262 -78.3632 -77.4117
10262.8 -78.6255 -77.6084
10263.7 -78.8734 -77.7832
10264.5 -79.1073 -77.937
10265.3 -79.3277 -78.0707
10266.6 -79.6536 -78.2456
10268 -79.9471 -78.3755
10269.3 -80.21 -78.4642
10270.6 -80.4436 -78.5158
10272 -80.6497 -78.534
10273.3 -80.8296 -78.5224
10274.6 -80.985 -78.4846
10276.6 -81.1774 -78.3845
10278.7 -81.322 -78.2421
10280.7 -81.4238 -78.0668
10282.7 -81.4878 -77.8669
10284.7 -81.5186 -77.6492
10286.7 -81.5206 -77.4196
10288.8 -81.4979 -77.183
10290.8 -81.4544 -76.9433
10292.8 -81.3934 -76.7036
10294.8 -81.3181 -76.4665
10296.8 -81.2313 -76.2338
10298.9 -81.1355 -76.007
10300.9 -81.0328 -75.7872
10302.9 -80.9252 -75.5753
10304.9 -80.8143 -75.3717
10306.9 -80.7015 -75.1767
10310.4 -80.5057 -74.8608
10313.9 -80.3128 -74.5714
10317.4 -80.1263 -74.3081
10320.9 -79.9486 -74.0698
10324.4 -79.7814 -73.855
10327.9 -79.6254 -73.6624
10331.4 -79.4811 -73.4903
10334.9 -79.3484 -73.337
10338.3 -79.227 -73.201
10341.8 -79.1165 -73.0807
10345.3 -79.0162 -72.9745
10348.8 -78.9256 -72.8812
10352.3 -78.8438 -72.7993
10355.8 -78.7702 -72.7276
10359.3 -78.704 -72.665
10362.8 -78.6445 -72.6104
10366.3 -78.5912 -72.5629
10369.8 -78.5432 -72.5216
10373.2 -78.5001 -72.4857
10376.7 -78.4614 -72.4545
10380.2 -78.4265 -72.4275
10383.7 -78.3949 -72.404
10387.2 -78.3663 -72.3835
10392.7 -78.3263 -72.3563
10398.3 -78.2915 -72.3343
10403.8 -78.2609 -72.3162
10409.3 -78.2337 -72.3012
10414.9 -78.2092 -72.2885
10423.3 -78.1755 -72.2723
10431.8 -78.1453 -72.2587
10440.3 -78.1175 -72.2468
10448.8 -78.0913 -72.2362
10457.2 -78.0664 -72.2261
10465.7 -78.0425 -72.2166
10474.2 -78.0194 -72.2076
10482.7 -77.9969 -72.1989
10491.1 -77.9751 -72.1905
10499.6 -77.9539 -72.1825
