0 -65 -65
0.000791082 -65.0018 -65.0004
0.00158216 -65.0033 -65.0008
0.00298929 -65.0058 -65.0015
0.00439642 -65.008 -65.0022
0.00698861 -65.0119 -65.0035
0.01122 -65.0179 -65.0056
0.0190967 -65.0279 -65.0095
0.0269733 -65.0372 -65.0134
0.03485 -65.046 -65.0173
0.0427266 -65.0544 -65.0212
0.055821 -65.0679 -65.0277
0.0689154 -65.0809 -65.0342
0.0820098 -65.0934 -65.0406
0.103881 -65.1137 -65.0514
0.125753 -65.1333 -65.0621
0.166214 -65.1684 -65.0819
0.206675 -65.2023 -65.1016
0.247136 -65.2354 -65.1212
0.287597 -65.2677 -65.1407
0.328058 -65.2995 -65.1601
0.395472 -65.3513 -65.1923
0.462886 -65.4021 -65.2242
0.5303 -65.4519 -65.2559
0.632154 -65.5259 -65.3035
0.734009 -65.5986 -65.3505
0.835864 -65.6701 -65.3972
1.02344 -65.7996 -65.4819
1.21102 -65.9266 -65.5652
1.39859 -66.0516 -65.6472
1.58617 -66.1748 -65.728
1.77375 -66.2965 -65.8076
1.96132 -66.4168 -65.886
2.26081 -66.6062 -66.009
2.56029 -66.7926 -66.1295
2.85977 -66.9761 -66.2476
3.15926 -67.1569 -66.3635
3.45874 -67.335 -66.4773
3.93752 -67.6146 -66.6552
4.4163 -67.8879 -66.8286
4.89508 -68.1551 -66.9979
5.37387 -68.4165 -67.1634
5.85265 -68.6722 -67.3253
6.60531 -69.0629 -67.5731
7.35797 -69.4404 -67.8131
8.11063 -69.8051 -68.046
8.86329 -70.1574 -68.272
9.61595 -70.4979 -68.4913
10.3686 -70.8269 -68.7042
11.596 -71.3398 -69.0381
12.8233 -71.8248 -69.3559
14.0507 -72.2834 -69.658
15.278 -72.7169 -69.9446
16.5053 -73.1267 -70.2161
17.7327 -73.5139 -70.4728
19.6036 -74.0631 -70.8362
21.4745 -74.5658 -71.167
23.3455 -75.0251 -71.4664
25.2164 -75.444 -71.7356
27.0873 -75.825 -71.9761
28.9582 -76.1707 -72.1895
30.8292 -76.4833 -72.3771
32.7001 -76.7648 -72.5406
35.8116 -77.1698 -72.7635
38.9232 -77.5031 -72.9313
42.0347 -77.7727 -73.0512
45.1462 -77.9858 -73.13
48.2577 -78.1494 -73.1739
51.3693 -78.2697 -73.1889
54.4808 -78.3526 -73.1802
57.5923 -78.4036 -73.1525
60.7039 -78.4275 -73.11
63.8154 -78.4288 -73.0563
68.5979 -78.3959 -72.9589
73.3804 -78.3318 -72.8514
78.1629 -78.2468 -72.7407
82.9454 -78.1493 -72.6318
87.7279 -78.0459 -72.5281
92.5105 -77.9415 -72.4319
97.293 -77.8399 -72.3446
102.075 -77.7435 -72.2666
106.858 -77.654 -72.1981
111.641 -77.5724 -72.1388
116.423 -77.4991 -72.0882
121.206 -77.4342 -72.0455
125.988 -77.3774 -72.01
130.771 -77.3283 -71.9808
135.553 -77.2863 -71.9572
140.336 -77.2508 -71.9385
145.118 -77.221 -71.9238
149.901 -77.1964 -71.9125
154.683 -77.1762 -71.9042
159.466 -77.1598 -71.8982
164.248 -77.1468 -71.894
169.031 -77.1366 -71.8914
173.813 -77.1287 -71.89
178.596 -77.1227 -71.8896
183.378 -77.1184 -71.8898
188.161 -77.1153 -71.8905
192.943 -77.1134 -71.8916
197.726 -77.1122 -71.893
202.508 -77.1117 -71.8945
207.291 -77.1117 -71.8961
212.073 -77.1121 -71.8977
216.856 -77.1127 -71.8993
221.638 -77.1136 -71.9008
226.421 -77.1146 -71.9023
231.203 -77.1158 -71.9037
235.986 -77.1169 -71.905
240.768 -77.1181 -71.9063
245.551 -77.1193 -71.9075
250.333 -77.1205 -71.9085
255.116 -77.1217 -71.9096
259.898 -77.1229 -71.9105
264.681 -77.124 -71.9114
269.463 -77.1251 -71.9122
274.246 -77.1262 -71.913
279.028 -77.1272 -71.9137
283.811 -77.1283 -71.9144
288.593 -77.1293 -71.9151
293.376 -77.1302 -71.9157
298.159 -77.1312 -71.9163
302.941 -77.1321 -71.9169
307.724 -77.133 -71.9174
312.506 -77.1339 -71.9179
317.289 -77.1348 -71.9184
322.071 -77.1357 -71.9189
326.854 -77.1365 -71.9194
331.636 -77.1374 -71.9199
336.419 -77.1382 -71.9203
341.201 -77.139 -71.9207
345.984 -77.1398 -71.9212
350.766 -77.1407 -71.9216
355.549 -77.1415 -71.922
360.331 -77.1423 -71.9224
365.114 -77.1431 -71.9228
369.896 -77.1439 -71.9232
374.679 -77.1447 -71.9236
379.461 -77.1454 -71.9239
384.244 -77.1462 -71.9243
389.026 -77.147 -71.9247
393.809 -77.1478 -71.925
398.591 -77.1485 -71.9254
403.374 -77.1493 -71.9257
408.156 -77.1501 -71.926
412.939 -77.1508 -71.9264
417.721 -77.1516 -71.9267
422.504 -77.1523 -71.927
427.286 -77.153 -71.9273
432.069 -77.1538 -71.9276
436.851 -77.1545 -71.9279
441.634 -77.1552 -71.9282
446.416 -77.156 -71.9286
451.199 -77.1567 -71.9288
455.981 -77.1574 -71.9291
460.764 -77.1581 -71.9294
465.546 -77.1588 -71.9297
470.329 -77.1595 -71.93
475.111 -77.1602 -71.9302
479.894 -77.1609 -71.9305
484.677 -77.1616 -71.9308
489.459 -77.1623 -71.931
494.242 -77.163 -71.9313
499.024 -77.1637 -71.9316
503.807 -77.1644 -71.9318
508.589 -77.165 -71.9321
513.372 -77.1657 -71.9323
518.154 -77.1664 -71.9325
522.937 -77.167 -71.9328
527.719 -77.1677 -71.933
532.502 -77.1684 -71.9332
537.284 -77.169 -71.9335
542.067 -77.1697 -71.9337
546.849 -77.1703 -71.9339
551.632 -77.1709 -71.9341
556.414 -77.1716 -71.9344
561.197 -77.1722 -71.9346
565.979 -77.1728 -71.9348
570.762 -77.1735 -71.935
575.544 -77.1741 -71.9353
580.327 -77.1747 -71.9355
585.109 -77.1753 -71.9357
589.892 -77.1759 -71.9359
594.674 -77.1766 -71.9361
599.457 -77.1772 -71.9363
604.239 -77.1778 -71.9365
609.022 -77.1784 -71.9367
612.478 -77.1788 -71.9368
615.935 -77.1792 -71.937
619.392 -77.1796 -71.9371
622.848 -77.1801 -71.9373
626.305 -77.1805 -71.9374
629.761 -77.1809 -71.9375
633.218 -77.1813 -71.9377
636.675 -77.1818 -71.9378
640.131 -77.1822 -71.9379
643.588 -77.1826 -71.9381
647.045 -77.183 -71.9382
650.501 -77.1834 -71.9383
653.958 -77.1838 -71.9384
657.414 -77.1842 -71.9386
660.871 -77.1846 -71.9387
664.328 -77.185 -71.9388
667.784 -77.1854 -71.939
671.241 -77.1858 -71.9391
674.697 -77.1862 -71.9392
678.154 -77.1866 -71.9393
681.611 -77.187 -71.9395
685.067 -77.1874 -71.9396
688.524 -77.1878 -71.9397
691.98 -77.1882 -71.9398
695.437 -77.1886 -71.94
698.894 -77.189 -71.9401
702.35 -77.1894 -71.9402
705.807 -77.1897 -71.9403
709.263 -77.1901 -71.9404
712.72 -77.1905 -71.9406
716.177 -77.1909 -71.9407
719.633 -77.1912 -71.9408
723.09 -77.1916 -71.9409
726.546 -77.192 -71.941
730.003 -77.1924 -71.9411
733.46 -77.1927 -71.9412
736.916 -77.1931 -71.9414
740.373 -77.1935 -71.9415
743.83 -77.1938 -71.9416
747.286 -77.1942 -71.9417
750.743 -77.1945 -71.9418
754.199 -77.1949 -71.9419
757.656 -77.1953 -71.942
761.113 -77.1956 -71.9421
764.569 -77.196 -71.9422
768.026 -77.1963 -71.9423
771.482 -77.1967 -71.9424
774.939 -77.197 -71.9426
778.396 -77.1974 -71.9427
781.852 -77.1977 -71.9428
785.309 -77.198 -71.9429
788.765 -77.1984 -71.943
792.222 -77.1987 -71.9431
795.679 -77.1991 -71.9432
799.135 -77.1994 -71.9433
802.592 -77.1997 -71.9434
806.048 -77.2 -71.9435
809.505 -77.2004 -71.9436
812.962 -77.2007 -71.9437
816.418 -77.201 -71.9438
819.875 -77.2014 -71.9439
823.331 -77.2017 -71.944
826.788 -77.202 -71.9441
830.245 -77.2023 -71.9442
833.701 -77.2026 -71.9443
837.158 -77.203 -71.9443
840.614 -77.2033 -71.9444
844.071 -77.2036 -71.9445
847.528 -77.2039 -71.9446
852.787 -77.2044 -71.9448
858.046 -77.2048 -71.9449
863.306 -77.2053 -71.945
868.565 -77.2058 -71.9452
873.824 -77.2062 -71.9453
881.879 -77.2069 -71.9455
889.934 -77.2076 -71.9457
897.989 -77.2082 -71.9459
910.096 -77.2092 -71.9462
922.202 -77.2102 -71.9465
934.308 -77.2112 -71.9468
946.414 -77.2121 -71.9471
958.52 -77.213 -71.9473
978.125 -77.2145 -71.9478
997.73 -77.2159 -71.9482
1017.34 -77.2172 -71.9486
1046.88 -77.2192 -71.9491
1092.72 -77.222 -71.95
1138.55 -77.2246 -71.9507
1184.38 -77.227 -71.9514
1230.22 -77.2292 -71.9521
1276.05 -77.2313 -71.9527
1321.88 -77.2331 -71.9533
1346.57 -77.2341 -71.9535
1371.26 -77.235 -71.9538
1395.95 -77.2358 -71.954
1420.64 -77.2366 -71.9542
1445.33 -77.2373 -71.9544
1470.01 -77.2381 -71.9547
1494.7 -77.2388 -71.9548
1519.39 -77.2394 -71.955
1544.08 -77.2401 -71.9553
1556.99 -77.2404 -71.9554
1569.89 -77.2407 -71.9554
1582.8 -77.241 -71.9555
1595.71 -77.2413 -71.9556
1608.61 -77.2416 -71.9556
1621.52 -77.2418 -71.9557
1645.73 -77.2423 -71.9559
1669.94 -77.2428 -71.956
1694.15 -77.2433 -71.9561
1743.83 -77.2441 -71.9564
1793.5 -77.2449 -71.9566
1843.18 -77.2456 -71.9569
1892.85 -77.2462 -71.9569
1917.6 -77.2465 -71.9571
1942.35 -77.2468 -71.9571
1967.1 -77.247 -71.9572
1991.85 -77.2473 -71.9574
2016.6 -77.2475 -71.9574
2041.35 -77.2477 -71.9572
2053.65 -77.2478 -71.9573
2065.94 -77.2479 -71.9574
2078.24 -77.248 -71.9575
2090.53 -77.2481 -71.9576
2102.82 -77.2482 -71.9576
2124.4 -77.2484 -71.9576
2145.98 -77.2486 -71.9577
2167.56 -77.2487 -71.9577
2189.13 -77.2488 -71.9577
2232.75 -77.2491 -71.9579
2276.37 -77.2493 -71.9578
2300.22 -77.2495 -71.9579
2324.06 -77.2496 -71.9579
2347.91 -77.2497 -71.958
2371.76 -77.2498 -71.9581
2395.6 -77.2499 -71.9581
2419.45 -77.25 -71.9581
2443.3 -77.2501 -71.9582
2467.14 -77.2502 -71.9582
2490.99 -77.2502 -71.958
2502.45 -77.2503 -71.958
2513.91 -77.2503 -71.9581
2525.37 -77.2503 -71.9582
2536.83 -77.2504 -71.9582
2560.77 -77.2505 -71.9582
2584.71 -77.2505 -71.9583
2608.65 -77.2506 -71.9583
2632.59 -77.2507 -71.9583
2673.4 -77.2508 -71.9583
2714.21 -77.2508 -71.9583
2755.03 -77.2509 -71.9584
2765.23 -77.251 -71.9584
2775.43 -77.251 -71.9584
2785.63 -77.251 -71.9584
2795.84 -77.251 -71.9584
2806.04 -77.251 -71.9584
2824.03 -77.251 -71.9584
2842.01 -77.2511 -71.9584
2908.12 -77.2512 -71.9584
3009.09 -77.2513 -71.9585
3110.06 -77.2514 -71.9585
3211.04 -77.2515 -71.9586
3248.89 -77.2515 -71.9585
3286.74 -77.2515 -71.9586
3324.6 -77.2515 -71.9585
3362.45 -77.2515 -71.9584
3376.34 -77.2515 -71.9585
3390.22 -77.2515 -71.9585
3404.1 -77.2515 -71.9585
3417.98 -77.2516 -71.9585
3431.86 -77.2516 -71.9585
3459.45 -77.2516 -71.9586
3501.02 -77.2516 -71.9585
3542.59 -77.2516 -71.9586
3584.16 -77.2516 -71.9585
3625.74 -77.2517 -71.9586
3636.13 -77.2517 -71.9586
3646.52 -77.2517 -71.9586
3656.92 -77.2517 -71.9586
3667.31 -77.2517 -71.9586
3677.7 -77.2517 -71.9586
3695.49 -77.2517 -71.9586
3713.28 -77.2517 -71.9586
3731.07 -77.2517 -71.9586
3748.86 -77.2517 -71.9586
3802.27 -77.2517 -71.9586
3855.68 -77.2517 -71.9585
3909.09 -77.2517 -71.9585
3962.5 -77.2517 -71.9586
4015.91 -77.2517 -71.9585
4069.32 -77.2518 -71.9587
4089.13 -77.2517 -71.9586
4108.94 -77.2517 -71.9586
4128.75 -77.2517 -71.9586
4148.56 -77.2517 -71.9586
4181 -77.2517 -71.9586
4213.43 -77.2517 -71.9586
4245.87 -77.2517 -71.9586
4296.47 -77.2517 -71.9586
4347.08 -77.2518 -71.9587
4391.95 -77.2518 -71.9586
4436.81 -77.2518 -71.9587
4458.61 -77.2518 -71.9586
4480.41 -77.2518 -71.9586
4502.2 -77.2518 -71.9586
4524 -77.2518 -71.9585
4545.8 -77.2517 -71.9585
4567.6 -77.2518 -71.9587
4589.39 -77.2518 -71.9586
4611.19 -77.2518 -71.9586
4632.99 -77.2518 -71.9587
4644.33 -77.2518 -71.9587
4655.67 -77.2518 -71.9587
4667.01 -77.2518 -71.9586
4687.49 -77.2518 -71.9586
4707.98 -77.2518 -71.9586
4752.89 -77.2518 -71.9586
4797.79 -77.2518 -71.9586
4881.63 -77.2518 -71.9586
5188.94 -77.2518 -71.9587
5300.43 -77.2517 -71.9585
5335.96 -77.2518 -71.9586
5371.5 -77.2518 -71.9586
5407.03 -77.2518 -71.9586
5442.57 -77.2518 -71.9586
5451.45 -77.2518 -71.9586
5460.33 -77.2518 -71.9586
5475.06 -77.2518 -71.9586
5497.45 -77.2518 -71.9586
5551.47 -77.2518 -71.9586
5633.93 -77.2518 -71.9586
5800.76 -77.2518 -71.9586
5967.59 -77.2518 -71.9587
6009.3 -77.2518 -71.9586
6025.23 -77.2518 -71.9586
6041.17 -77.2518 -71.9586
6057.11 -77.2518 -71.9586
6073.05 -77.2518 -71.9586
6088.98 -77.2518 -71.9586
6117.75 -77.2518 -71.9586
6161.38 -77.2518 -71.9586
6236.63 -77.2518 -71.9587
6274.23 -77.2518 -71.9586
6294 -77.2518 -71.9586
6313.77 -77.2518 -71.9586
6333.54 -77.2518 -71.9586
6353.31 -77.2518 -71.9586
6373.09 -77.2518 -71.9586
6392.86 -77.2518 -71.9586
6423.77 -77.2518 -71.9586
6454.69 -77.2518 -71.9586
6485.6 -77.2518 -71.9586
6516.51 -77.2518 -71.9586
6547.43 -77.2518 -71.9586
6578.34 -77.2518 -71.9586
6609.26 -77.2518 -71.9586
6640.17 -77.2518 -71.9586
6671.09 -77.2518 -71.9586
6702 -77.2518 -71.9587
6732.92 -77.2518 -71.9586
6749.73 -77.2518 -71.9586
6766.55 -77.2518 -71.9586
6783.36 -77.2518 -71.9586
6809.31 -77.2518 -71.9586
6851.78 -77.2518 -71.9586
6929.68 -77.2518 -71.9586
7404.7 -77.2518 -71.9586
7879.73 -77.2517 -71.9585
8023.36 -77.2518 -71.9587
8062.3 -77.2518 -71.9585
8076.17 -77.2518 -71.9586
8090.04 -77.2518 -71.9586
8103.91 -77.2518 -71.9586
8117.78 -77.2518 -71.9586
8138.98 -77.2518 -71.9586
8172.95 -77.2518 -71.9586
8206.92 -77.2518 -71.9586
8240.89 -77.2518 -71.9586
8274.86 -77.2518 -71.9586
8308.83 -77.2518 -71.9586
8342.8 -77.2518 -71.9586
8376.77 -77.2518 -71.9586
8410.73 -77.2518 -71.9586
8462.8 -77.2518 -71.9586
8514.87 -77.2518 -71.9587
8566.94 -77.2518 -71.9585
8590.29 -77.2518 -71.9586
8613.64 -77.2518 -71.9586
8637 -77.2518 -71.9586
8660.35 -77.2518 -71.9587
8683.7 -77.2518 -71.9586
8707.06 -77.2518 -71.9586
8730.41 -77.2518 -71.9587
8742.53 -77.2518 -71.9587
8754.65 -77.2518 -71.9587
8766.77 -77.2518 -71.9587
8793.55 -77.2518 -71.9586
8820.33 -77.2518 -71.9586
8865.07 -77.2518 -71.9586
8909.81 -77.2518 -71.9586
8954.55 -77.2518 -71.9586
8999.3 -77.2518 -71.9586
9044.04 -77.2518 -71.9586
9088.78 -77.2517 -71.9585
9105.01 -77.2518 -71.9586
9121.24 -77.2518 -71.9586
9137.47 -77.2518 -71.9586
9153.69 -77.2518 -71.9586
9169.92 -77.2518 -71.9586
9197.31 -77.2518 -71.9586
9224.71 -77.2518 -71.9586
9266.25 -77.2518 -71.9586
9307.8 -77.2518 -71.9586
9349.35 -77.2518 -71.9587
9359.74 -77.2518 -71.9587
9370.12 -77.2518 -71.9586
9380.51 -77.2518 -71.9586
9390.9 -77.2518 -71.9586
9401.28 -77.2518 -71.9586
9418.77 -77.2518 -71.9586
9436.25 -77.2518 -71.9586
9453.73 -77.2518 -71.9586
9471.22 -77.2518 -71.9586
9523.82 -77.2518 -71.9586
9576.42 -77.2518 -71.9586
9629.02 -77.2518 -71.9586
9681.62 -77.2518 -71.9586
9734.22 -77.2518 -71.9586
9786.83 -77.2518 -71.9587
9806.7 -77.2518 -71.9586
9826.57 -77.2518 -71.9586
9846.44 -77.2518 -71.9586
9866.31 -77.2518 -71.9586
9899.03 -77.2518 -71.9586
9931.75 -77.2518 -71.9586
9964.46 -77.2518 -71.9586
10015.5 -77.2518 -71.9586
10066.6 -77.2518 -71.9587
10111.6 -77.2518 -71.9586
10136.3 -77.2518 -71.9586
10161 -77.2518 -71.9586
10185.8 -77.2518 -71.9586
10200 -77.2518 -71.9586
10200 -77.2518 -71.9586
10200 -77.2449 -71.9586
10200 -77.2386 -71.9586
10200 -77.2288 -71.9586
10200 -77.22 -71.9586
10200 -77.2003 -71.9586
10200 -77.1832 -71.9586
10200 -77.1676 -71.9586
10200 -77.153 -71.9586
10200 -77.1391 -71.9586
10200 -77.1175 -71.9586
10200 -77.0971 -71.9586
10200 -77.0661 -71.9586
10200 -77.0372 -71.9586
10200 -76.9931 -71.9586
10200 -76.9523 -71.9586
10200 -76.914 -71.9586
10200 -76.8778 -71.9586
10200 -76.8435 -71.9586
10200 -76.7915 -71.9586
10200 -76.7428 -71.9586
10200 -76.6967 -71.9586
10200.1 -76.6308 -71.9586
10200.1 -76.5691 -71.9586
10200.1 -76.5108 -71.9586
10200.1 -76.4132 -71.9586
10200.1 -76.3228 -71.9586
10200.1 -76.2385 -71.9586
10200.1 -76.159 -71.9586
10200.1 -76.0836 -71.9586
10200.2 -76.0117 -71.9586
10200.2 -75.9041 -71.9586
10200.2 -75.8029 -71.9586
10200.2 -75.7073 -71.9586
10200.2 -75.6163 -71.9586
10200.3 -75.5295 -71.9586
10200.3 -75.402 -71.9586
10200.3 -75.2819 -71.9586
10200.4 -75.1683 -71.9586
10200.4 -75.0604 -71.9585
10200.5 -74.9575 -71.9585
10200.5 -74.8009 -71.9582
10200.6 -74.6537 -71.9579
10200.6 -74.5145 -71.9573
10200.7 -74.3821 -71.9565
10200.7 -74.2557 -71.9554
10200.8 -74.1343 -71.954
10200.9 -73.9415 -71.951
10201 -73.7588 -71.9471
10201.1 -73.5847 -71.9421
10201.2 -73.4177 -71.9361
10201.3 -73.2569 -71.9291
10201.4 -73.1014 -71.9212
10201.5 -72.8725 -71.9071
10201.7 -72.6525 -71.8908
10201.8 -72.44 -71.8724
10202 -72.2339 -71.852
10202.1 -72.0334 -71.8296
10202.3 -71.8379 -71.8055
10202.5 -71.5441 -71.7648
10202.7 -71.2593 -71.7202
10202.9 -70.9825 -71.6722
10203.2 -70.7126 -71.6209
10203.4 -70.4491 -71.5666
10203.6 -70.1914 -71.5096
10204 -69.8118 -71.4187
10204.3 -69.4433 -71.3227
10204.7 -69.085 -71.2223
10205 -68.7362 -71.1181
10205.3 -68.3963 -71.0105
10205.7 -68.0647 -70.9
10206.2 -67.5702 -70.7254
10206.7 -67.0932 -70.5463
10207.3 -66.6325 -70.3637
10207.8 -66.1872 -70.1788
10208.3 -65.7563 -69.9923
10208.9 -65.3391 -69.8049
10209.7 -64.7115 -69.5114
10210.5 -64.1128 -69.2194
10211.3 -63.5403 -68.9305
10212.2 -62.9915 -68.6457
10213 -62.464 -68.3661
10213.8 -61.9553 -68.0923
10214.6 -61.4628 -67.8248
10215.5 -60.9842 -67.5638
10216.3 -60.5161 -67.3095
10217.1 -60.0564 -67.0618
10218 -59.6009 -66.8205
10218.8 -59.1455 -66.5853
10219.6 -58.6854 -66.3559
10220.4 -58.2145 -66.1314
10221.3 -57.7248 -65.9113
10222.1 -57.2048 -65.6945
10222.9 -56.6356 -65.4796
10223.5 -56.2211 -65.3387
10224 -55.7592 -65.1972
10224.5 -55.2283 -65.0543
10224.9 -54.8436 -64.9633
10225.2 -54.4012 -64.8708
10225.6 -53.8769 -64.7766
10225.8 -53.4997 -64.7179
10226 -53.0589 -64.6582
10226.2 -52.5289 -64.5971
10226.3 -52.0847 -64.5536
10226.5 -51.55 -64.5092
10226.6 -50.8821 -64.4638
10226.7 -50.4145 -64.4373
10226.8 -49.8536 -64.4105
10226.9 -49.1606 -64.3831
10226.9 -48.6315 -64.3657
10227 -47.9981 -64.3481
10227 -47.2185 -64.3302
10227.1 -46.5766 -64.3179
10227.1 -45.8057 -64.3055
10227.1 -44.8547 -64.293
10227.2 -44.0599 -64.2844
10227.2 -43.1056 -64.2756
10227.2 -41.9325 -64.2668
10227.2 -40.4504 -64.2579
10227.3 -39.3158 -64.2524
10227.3 -37.9584 -64.2468
10227.3 -36.3064 -64.2411
10227.3 -34.2597 -64.2355
10227.3 -31.6773 -64.2298
10227.3 -29.5843 -64.226
10227.3 -27.0995 -64.2222
10227.3 -24.1438 -64.2183
10227.4 -20.6421 -64.2145
10227.4 -17.8384 -64.2118
10227.4 -14.735 -64.2091
10227.4 -11.3498 -64.2064
10227.4 -7.7292 -64.2037
10227.4 -3.95164 -64.2009
10227.4 -0.123388 -64.1982
10227.4 3.63221 -64.1954
10227.4 7.19087 -64.1927
10227.4 9.42602 -64.1908
10227.4 11.4962 -64.1889
10227.4 13.3829 -64.187
10227.4 15.0752 -64.1851
10227.4 16.57 -64.1832
10227.4 17.8699 -64.1813
10227.4 18.9823 -64.1794
10227.4 19.9174 -64.1775
10227.4 20.6878 -64.1756
10227.5 21.307 -64.1737
10227.5 21.7885 -64.1718
10227.5 22.1457 -64.1698
10227.5 22.3913 -64.1679
10227.5 22.5369 -64.1659
10227.5 22.5933 -64.164
10227.5 22.5301 -64.161
10227.5 22.3138 -64.158
10227.5 21.9698 -64.155
10227.5 21.5199 -64.152
10227.5 20.9823 -64.149
10227.5 20.3727 -64.1459
10227.5 19.7044 -64.1429
10227.5 18.5182 -64.1378
10227.5 17.2473 -64.1327
10227.6 15.924 -64.1276
10227.6 14.574 -64.1223
10227.6 13.2166 -64.1171
10227.6 11.8663 -64.1117
10227.6 10.5345 -64.1063
10227.6 9.22909 -64.1008
10227.6 7.95516 -64.0951
10227.6 6.71623 -64.0894
10227.7 5.51401 -64.0836
10227.7 4.34905 -64.0776
10227.7 3.22143 -64.0715
10227.7 2.13035 -64.0653
10227.7 1.07451 -64.0588
10227.7 0.0525965 -64.0522
10227.7 -1.42053 -64.042
10227.7 -2.82655 -64.0312
10227.8 -4.17063 -64.0198
10227.8 -5.45806 -64.0079
10227.8 -6.69395 -63.9953
10227.8 -7.88284 -63.9821
10227.8 -9.02879 -63.968
10227.8 -10.1354 -63.9532
10227.9 -11.2058 -63.9376
10227.9 -12.2432 -63.9212
10227.9 -13.8053 -63.8937
10227.9 -15.3019 -63.864
10228 -16.7405 -63.8322
10228 -18.1276 -63.7981
10228 -19.4686 -63.7619
10228 -20.7688 -63.7235
10228.1 -22.0328 -63.683
10228.1 -23.2644 -63.6405
10228.1 -24.467 -63.5961
10228.1 -25.6436 -63.5498
10228.2 -27.3905 -63.4762
10228.2 -29.0914 -63.3989
10228.3 -30.7525 -63.3183
10228.3 -32.3777 -63.2348
10228.4 -33.9694 -63.1489
10228.4 -35.5279 -63.0608
10228.4 -37.0537 -62.9709
10228.5 -38.5461 -62.8796
10228.5 -40.005 -62.7871
10228.6 -41.428 -62.6939
10228.6 -42.8163 -62.6001
10228.6 -44.1678 -62.506
10228.7 -45.4796 -62.412
10228.7 -46.746 -62.3182
10228.8 -47.9633 -62.2249
10228.8 -49.1226 -62.1323
10228.8 -50.2188 -62.0406
10228.9 -51.242 -61.9499
10228.9 -52.1893 -61.8605
10229 -53.06 -61.7726
10229 -53.856 -61.6861
10229.1 -54.5798 -61.6014
10229.1 -55.2368 -61.5185
10229.1 -55.833 -61.4375
10229.2 -56.375 -61.3585
10229.2 -56.8684 -61.2816
10229.3 -57.3189 -61.2069
10229.3 -57.7311 -61.1344
10229.3 -58.1089 -61.0643
10229.4 -58.4556 -60.9964
10229.4 -58.7738 -60.9309
10229.5 -59.0663 -60.8678
10229.5 -59.335 -60.807
10229.5 -59.5817 -60.7487
10229.6 -59.8079 -60.6926
10229.6 -60.0153 -60.639
10229.7 -60.2051 -60.5876
10229.7 -60.3785 -60.5385
10229.7 -60.5366 -60.4917
10229.8 -60.7635 -60.4203
10229.9 -60.9571 -60.3546
10229.9 -61.121 -60.2943
10230 -61.2585 -60.2393
10230.1 -61.3727 -60.1893
10230.1 -61.4662 -60.144
10230.2 -61.5414 -60.1034
10230.3 -61.6006 -60.0671
10230.3 -61.6455 -60.0349
10230.4 -61.6779 -60.0067
10230.5 -61.6992 -59.9823
10230.6 -61.7134 -59.9511
10230.7 -61.7078 -59.9279
10230.8 -61.6858 -59.9122
10230.9 -61.6503 -59.9033
10231 -61.6036 -59.9006
10231.1 -61.5477 -59.9038
10231.2 -61.4841 -59.9121
10231.4 -61.37 -59.9353
10231.5 -61.2438 -59.9691
10231.7 -61.1088 -60.012
10231.9 -60.9672 -60.0627
10232 -60.821 -60.1201
10232.2 -60.6716 -60.183
10232.4 -60.5203 -60.2506
10232.5 -60.3679 -60.3219
10232.7 -60.2153 -60.3962
10232.9 -60.0628 -60.4729
10233 -59.9111 -60.5512
10233.3 -59.6808 -60.6734
10233.5 -59.4537 -60.7966
10233.8 -59.2304 -60.9196
10234.1 -59.0111 -61.0411
10234.3 -58.7958 -61.1603
10234.6 -58.5843 -61.2765
10234.8 -58.3762 -61.389
10235.1 -58.1713 -61.4974
10235.3 -57.9692 -61.6015
10235.6 -57.7691 -61.7009
10235.8 -57.5698 -61.7954
10236.1 -57.3723 -61.8851
10236.3 -57.1747 -61.9698
10236.6 -56.9766 -62.0494
10236.9 -56.7733 -62.1241
10237.1 -56.5683 -62.1939
10237.3 -56.4216 -62.2406
10237.5 -56.2707 -62.2848
10237.7 -56.1159 -62.3265
10237.8 -55.9563 -62.3659
10238 -55.7945 -62.4028
10238.2 -55.6272 -62.4374
10238.4 -55.4517 -62.4696
10238.6 -55.2685 -62.4995
10238.7 -55.0769 -62.527
10238.9 -54.8734 -62.5522
10239.1 -54.6553 -62.5752
10239.3 -54.4218 -62.5957
10239.5 -54.1697 -62.614
10239.6 -53.8921 -62.6299
10239.8 -53.582 -62.6433
10240 -53.2325 -62.6543
10240.2 -52.8309 -62.6628
10240.4 -52.3538 -62.6686
10240.6 -51.7669 -62.6715
10240.7 -51.0116 -62.6715
10240.8 -50.4046 -62.6698
10241 -49.6269 -62.6667
10241 -48.8867 -62.6635
10241.1 -47.9163 -62.6595
10241.2 -47.079 -62.6563
10241.2 -45.9895 -62.6526
10241.3 -44.9866 -62.6498
10241.3 -43.6831 -62.6467
10241.3 -42.4701 -62.6444
10241.4 -40.9037 -62.6419
10241.4 -38.7951 -62.6392
10241.4 -36.9799 -62.6374
10241.4 -34.6454 -62.6355
10241.4 -31.5596 -62.6336
10241.5 -27.3751 -62.6316
10241.5 -23.755 -62.6302
10241.5 -19.3095 -62.6288
10241.5 -15.7481 -62.6278
10241.5 -11.7745 -62.6268
10241.5 -7.46012 -62.6258
10241.5 -2.93802 -62.6247
10241.5 1.60527 -62.6237
10241.5 5.9574 -62.6226
10241.5 9.9216 -62.6215
10241.6 13.3551 -62.6204
10241.6 16.1863 -62.6193
10241.6 17.8677 -62.6184
10241.6 19.2377 -62.6176
10241.6 20.3215 -62.6167
10241.6 21.1482 -62.6159
10241.6 21.7473 -62.615
10241.6 22.1463 -62.6141
10241.6 22.3711 -62.6132
10241.6 22.4456 -62.6123
10241.6 22.3914 -62.6114
10241.6 22.2267 -62.6104
10241.6 21.9671 -62.6095
10241.6 21.6263 -62.6085
10241.6 21.2165 -62.6075
10241.7 20.748 -62.6065
10241.7 20.2301 -62.6055
10241.7 19.3723 -62.604
10241.7 18.4427 -62.6024
10241.7 17.4602 -62.6008
10241.7 16.4407 -62.5991
10241.7 15.3974 -62.5974
10241.7 14.341 -62.5957
10241.7 13.2801 -62.5939
10241.7 12.2217 -62.592
10241.7 11.1712 -62.5901
10241.8 9.5837 -62.5871
10241.8 8.03626 -62.584
10241.8 6.53523 -62.5806
10241.8 5.08423 -62.5771
10241.8 3.6849 -62.5734
10241.8 2.33654 -62.5695
10241.8 1.0377 -62.5652
10241.9 -0.213385 -62.5608
10241.9 -1.41918 -62.556
10241.9 -2.58213 -62.5508
10241.9 -3.70473 -62.5453
10241.9 -4.78966 -62.5394
10241.9 -5.83935 -62.5331
10241.9 -6.85603 -62.5263
10242 -8.36452 -62.5149
10242 -9.80702 -62.5023
10242 -11.1898 -62.4885
10242 -12.5186 -62.4733
10242 -13.7986 -62.4567
10242.1 -15.0343 -62.4387
10242.1 -16.2298 -62.4192
10242.1 -18.0447 -62.3856
10242.2 -19.7808 -62.3484
10242.2 -21.4492 -62.3078
10242.2 -23.0589 -62.2638
10242.3 -24.6181 -62.2166
10242.3 -26.1334 -62.1665
10242.3 -27.6114 -62.1136
10242.4 -29.057 -62.0581
10242.4 -30.4743 -62.0003
10242.4 -31.8651 -61.9403
10242.5 -33.233 -61.8785
10242.5 -34.5777 -61.815
10242.5 -35.9007 -61.75
10242.6 -37.2017 -61.6838
10242.6 -38.4819 -61.6165
10242.6 -39.7382 -61.5484
10242.7 -40.9723 -61.4796
10242.7 -42.1804 -61.4103
10242.7 -43.3637 -61.3406
10242.8 -44.5212 -61.2707
10242.8 -45.6519 -61.2009
10242.8 -46.7512 -61.1311
10242.9 -47.8157 -61.0616
10242.9 -48.8388 -60.9924
10242.9 -49.8173 -60.9238
10243 -50.7462 -60.8558
10243 -51.6212 -60.7885
10243 -52.4396 -60.722
10243.1 -53.2015 -60.6564
10243.1 -53.9071 -60.5919
10243.1 -54.5587 -60.5284
10243.2 -55.1591 -60.4662
10243.2 -55.7122 -60.4051
10243.2 -56.2218 -60.3454
10243.3 -56.6918 -60.287
10243.3 -57.126 -60.23
10243.3 -57.5278 -60.1746
10243.4 -57.9004 -60.1206
10243.4 -58.2462 -60.0681
10243.4 -58.5676 -60.0173
10243.5 -58.8667 -59.968
10243.5 -59.2976 -59.8935
10243.6 -59.6829 -59.823
10243.6 -60.0273 -59.7566
10243.7 -60.3348 -59.6943
10243.8 -60.6089 -59.6361
10243.8 -60.8528 -59.5817
10243.9 -61.0693 -59.5313
10243.9 -61.2609 -59.4847
10244 -61.43 -59.4418
10244 -61.5786 -59.4025
10244.1 -61.7087 -59.3667
10244.1 -61.8221 -59.3343
10244.2 -61.9204 -59.3051
10244.3 -62.0585 -59.2621
10244.4 -62.1625 -59.2279
10244.5 -62.238 -59.2018
10244.6 -62.2897 -59.1833
10244.6 -62.3213 -59.1718
10244.7 -62.3363 -59.1669
10244.8 -62.3371 -59.168
10244.9 -62.3262 -59.1747
10245 -62.3054 -59.1865
10245.2 -62.2541 -59.2159
10245.3 -62.186 -59.2564
10245.5 -62.1052 -59.3065
10245.6 -62.0149 -59.3651
10245.8 -61.9175 -59.431
10245.9 -61.815 -59.5032
10246.1 -61.7088 -59.5807
10246.2 -61.6003 -59.6627
10246.4 -61.4903 -59.7485
10246.5 -61.3798 -59.8374
10246.7 -61.2694 -59.9288
10246.9 -61.0993 -60.0743
10247.1 -60.9321 -60.2228
10247.4 -60.7689 -60.3726
10247.6 -60.6106 -60.5227
10247.9 -60.4575 -60.6719
10248.1 -60.3099 -60.8195
10248.3 -60.168 -60.9646
10248.6 -60.0319 -61.1069
10248.8 -59.9015 -61.2457
10249 -59.7766 -61.3809
10249.3 -59.657 -61.5122
10249.5 -59.5429 -61.6393
10249.7 -59.4336 -61.7622
10250 -59.3291 -61.8808
10250.2 -59.2288 -61.995
10250.4 -59.1334 -62.105
10250.7 -59.042 -62.2106
10250.9 -58.9542 -62.312
10251.1 -58.869 -62.4093
10251.4 -58.7884 -62.5026
10251.6 -58.7108 -62.5919
10251.8 -58.635 -62.6773
10252.1 -58.5621 -62.759
10252.3 -58.4913 -62.8372
10252.5 -58.4236 -62.9119
10252.8 -58.356 -62.9832
10253 -58.2908 -63.0513
10253.2 -58.2293 -63.1163
10253.5 -58.1692 -63.1783
10253.7 -58.1094 -63.2374
10253.9 -58.0515 -63.2938
10254.2 -57.9952 -63.3475
10254.4 -57.9385 -63.3987
10254.7 -57.8834 -63.4475
10254.9 -57.83 -63.4939
10255.1 -57.7787 -63.5381
10255.4 -57.7217 -63.5802
10255.5 -57.6853 -63.6065
10255.6 -57.6633 -63.6245
10255.7 -57.6404 -63.6421
10255.8 -57.6167 -63.6592
10255.9 -57.5928 -63.676
10256 -57.5697 -63.6924
10256.2 -57.546 -63.7084
10256.3 -57.5229 -63.724
10256.4 -57.4995 -63.7392
10256.5 -57.4768 -63.7541
10256.6 -57.4525 -63.7686
10256.7 -57.4295 -63.7828
10256.8 -57.4057 -63.7966
10256.9 -57.384 -63.8101
10257 -57.3591 -63.8233
10257.1 -57.3407 -63.8326
10257.2 -57.3248 -63.8417
10257.2 -57.3093 -63.8506
10257.3 -57.2929 -63.8594
10257.4 -57.2759 -63.868
10257.5 -57.259 -63.8764
10257.5 -57.2417 -63.8847
10257.6 -57.2247 -63.8928
10257.7 -57.2082 -63.9008
10257.8 -57.1919 -63.9087
10257.9 -57.1748 -63.9163
10257.9 -57.1574 -63.9239
10258 -57.1402 -63.9313
10258.1 -57.1237 -63.9385
10258.2 -57.1068 -63.9456
10258.2 -57.0894 -63.9526
10258.3 -57.072 -63.9594
10258.4 -57.0551 -63.9661
10258.5 -57.0379 -63.9727
10258.6 -57.0206 -63.9791
10258.6 -57.0032 -63.9854
10258.7 -56.986 -63.9916
10258.8 -56.9685 -63.9976
10258.9 -56.9508 -64.0035
10258.9 -56.933 -64.0093
10259 -56.9154 -64.0149
10259.1 -56.8977 -64.0204
10259.2 -56.8799 -64.0258
10259.2 -56.8618 -64.0311
10259.3 -56.8438 -64.0363
10259.4 -56.8258 -64.0413
10259.5 -56.8077 -64.0462
10259.6 -56.7893 -64.051
10259.6 -56.7709 -64.0557
10259.7 -56.7525 -64.0602
10259.8 -56.734 -64.0647
10259.9 -56.7152 -64.069
10259.9 -56.6965 -64.0732
10260 -56.6775 -64.0774
10260.1 -56.6587 -64.0813
10260.2 -56.6397 -64.0852
10260.2 -56.6206 -64.089
10260.3 -56.601 -64.0927
10260.4 -56.571 -64.0981
10260.6 -56.5408 -64.1032
10260.7 -56.5103 -64.1081
10260.8 -56.4794 -64.1128
10260.9 -56.4481 -64.1172
10261.1 -56.3942 -64.1241
10261.3 -56.3391 -64.1303
10261.5 -56.2826 -64.1359
10261.9 -56.1832 -64.1438
10262.2 -56.0797 -64.1499
10262.5 -55.9705 -64.154
10262.9 -55.8559 -64.1562
10263.2 -55.7339 -64.1566
10263.6 -55.6038 -64.1551
10263.9 -55.4643 -64.1516
10264.2 -55.3143 -64.1461
10264.6 -55.151 -64.1386
10264.9 -54.9716 -64.129
10265.3 -54.7733 -64.1172
10265.6 -54.5513 -64.103
10265.9 -54.2987 -64.0862
10266.3 -54.0061 -64.0666
10266.5 -53.8082 -64.0536
10266.7 -53.5875 -64.0394
10266.9 -53.3382 -64.0239
10267.1 -53.0528 -64.0071
10267.3 -52.7198 -63.9888
10267.4 -52.4957 -63.9773
10267.5 -52.2448 -63.9652
10267.6 -51.9608 -63.9524
10267.8 -51.6343 -63.9388
10267.9 -51.2522 -63.9246
10268 -50.9892 -63.9156
10268 -50.6939 -63.9063
10268.1 -50.3582 -63.8966
10268.2 -49.9717 -63.8866
10268.2 -49.5182 -63.8762
10268.3 -49.2064 -63.8698
10268.3 -48.8563 -63.8632
10268.4 -48.4584 -63.8565
10268.4 -48.001 -63.8496
10268.5 -47.4672 -63.8425
10268.5 -47.1013 -63.8381
10268.5 -46.6919 -63.8337
10268.5 -46.2302 -63.8292
10268.6 -45.7036 -63.8247
10268.6 -45.0963 -63.82
10268.6 -44.3849 -63.8153
10268.6 -43.888 -63.8123
10268.6 -43.332 -63.8094
10268.7 -42.7047 -63.8064
10268.7 -41.99 -63.8033
10268.7 -41.1682 -63.8003
10268.7 -40.2126 -63.7972
10268.7 -39.5514 -63.7953
10268.7 -38.8171 -63.7933
10268.7 -37.9973 -63.7914
10268.7 -37.0767 -63.7895
10268.7 -36.036 -63.7875
10268.8 -34.8526 -63.7855
10268.8 -33.4981 -63.7835
10268.8 -31.9378 -63.7815
10268.8 -30.1302 -63.7795
10268.8 -28.0265 -63.7774
10268.8 -25.5728 -63.7753
10268.8 -22.7145 -63.7733
10268.8 -19.4067 -63.7712
10268.8 -17.5318 -63.7701
10268.8 -15.5357 -63.769
10268.8 -13.4244 -63.7679
10268.8 -11.2083 -63.7668
10268.8 -8.9043 -63.7657
10268.8 -6.53494 -63.7646
10268.9 -4.12764 -63.7635
10268.9 -1.7136 -63.7623
10268.9 0.673629 -63.7612
10268.9 3.00013 -63.7601
10268.9 5.23366 -63.7589
10268.9 7.3456 -63.7578
10268.9 9.31245 -63.7566
10268.9 11.1167 -63.7555
10268.9 12.7473 -63.7543
10268.9 14.199 -63.7532
10268.9 15.472 -63.752
10268.9 16.5709 -63.7508
10268.9 17.5032 -63.7496
10268.9 18.279 -63.7484
10268.9 18.9095 -63.7472
10268.9 19.4064 -63.746
10268.9 19.7816 -63.7448
10268.9 20.0466 -63.7436
10268.9 20.2122 -63.7423
10268.9 20.2888 -63.7411
10269 20.2856 -63.7399
10269 20.2111 -63.7386
10269 20.0733 -63.7374
10269 19.8791 -63.7361
10269 19.635 -63.7348
10269 19.1712 -63.7328
10269 18.6205 -63.7308
10269 17.9985 -63.7288
10269 17.319 -63.7267
10269 16.5937 -63.7246
10269 15.8328 -63.7225
10269 15.0451 -63.7204
10269 14.2379 -63.7183
10269 12.9538 -63.7148
10269.1 11.6568 -63.7113
10269.1 10.3613 -63.7078
10269.1 9.07835 -63.7041
10269.1 7.81631 -63.7004
10269.1 6.58048 -63.6965
10269.1 5.37439 -63.6925
10269.1 4.20019 -63.6884
10269.1 3.05886 -63.6842
10269.1 1.95069 -63.6798
10269.2 0.875363 -63.6752
10269.2 -0.16788 -63.6705
10269.2 -1.18006 -63.6655
10269.2 -2.85337 -63.6565
10269.2 -4.44478 -63.6468
10269.2 -5.96112 -63.6363
10269.3 -7.40902 -63.625
10269.3 -8.79473 -63.6127
10269.3 -10.1237 -63.5994
10269.3 -11.4008 -63.5851
10269.3 -12.6306 -63.5696
10269.4 -13.8174 -63.553
10269.4 -14.9649 -63.5353
10269.4 -16.0762 -63.5163
10269.4 -17.1545 -63.4962
10269.5 -18.8073 -63.4617
10269.5 -20.3927 -63.4242
10269.5 -21.9191 -63.3838
10269.6 -23.3934 -63.3406
10269.6 -24.8218 -63.2947
10269.6 -26.2093 -63.2463
10269.6 -27.5601 -63.1955
10269.7 -28.878 -63.1426
10269.7 -30.1655 -63.0876
10269.7 -31.4248 -63.0308
10269.8 -32.6569 -62.9724
10269.8 -33.863 -62.9125
10269.8 -35.0432 -62.8513
10269.9 -36.1983 -62.789
10269.9 -37.3275 -62.7257
10269.9 -38.432 -62.6616
10270 -39.5112 -62.5969
10270 -40.5671 -62.5317
10270 -41.5985 -62.4661
10270.1 -42.6072 -62.4002
10270.1 -43.5947 -62.3343
10270.1 -44.5601 -62.2684
10270.2 -45.5026 -62.2026
10270.2 -46.4208 -62.1371
10270.2 -47.3134 -62.0719
10270.3 -48.1774 -62.0071
10270.3 -49.0104 -61.9429
10270.3 -49.8092 -61.8793
10270.3 -50.5719 -61.8163
10270.4 -51.2955 -61.7541
10270.4 -51.9791 -61.6928
10270.4 -52.6222 -61.6323
10270.5 -53.2257 -61.5729
10270.5 -53.7903 -61.5144
10270.5 -54.3178 -61.457
10270.6 -54.8102 -61.4007
10270.6 -55.2702 -61.3455
10270.6 -55.7001 -61.2916
10270.7 -56.1021 -61.2388
10270.7 -56.4786 -61.1874
10270.7 -56.8316 -61.1372
10270.8 -57.1631 -61.0883
10270.8 -57.6367 -61.0154
10270.9 -58.0678 -60.9457
10270.9 -58.4607 -60.8792
10271 -58.8192 -60.8161
10271 -59.1464 -60.7561
10271.1 -59.4447 -60.6994
10271.1 -59.7166 -60.646
10271.2 -60.0955 -60.5683
10271.3 -60.4212 -60.4982
10271.3 -60.7002 -60.4355
10271.4 -60.9381 -60.3798
10271.5 -61.14 -60.3308
10271.6 -61.3105 -60.2883
10271.7 -61.4537 -60.2519
10271.7 -61.573 -60.2213
10271.8 -61.6717 -60.1961
10271.9 -61.7525 -60.1762
10272 -61.8179 -60.1611
10272 -61.8698 -60.1506
10272.1 -61.9102 -60.1444
10272.2 -61.9544 -60.1429
10272.4 -61.9783 -60.1508
10272.5 -61.986 -60.1671
10272.6 -61.9808 -60.1912
10272.7 -61.9654 -60.2221
10272.9 -61.9419 -60.2592
10273 -61.9121 -60.3018
10273.1 -61.8773 -60.3494
10273.2 -61.8387 -60.4014
10273.4 -61.775 -60.4872
10273.6 -61.7073 -60.5804
10273.8 -61.6374 -60.6796
10274 -61.5669 -60.7836
10274.2 -61.4968 -60.8914
10274.4 -61.4281 -61.0019
10274.5 -61.3613 -61.1145
10274.7 -61.2971 -61.2284
10274.9 -61.2357 -61.343
10275.1 -61.1773 -61.4578
10275.3 -61.1223 -61.5723
10275.6 -61.0397 -61.7577
10275.9 -60.9663 -61.9401
10276.2 -60.9019 -62.1184
10276.5 -60.8461 -62.292
10276.8 -60.7987 -62.4603
10277.1 -60.7589 -62.6231
10277.4 -60.7265 -62.78
10277.7 -60.7008 -62.9312
10278.1 -60.6812 -63.0764
10278.4 -60.6668 -63.216
10278.7 -60.6576 -63.3499
10279 -60.6525 -63.4783
10279.3 -60.6521 -63.6014
10279.6 -60.6551 -63.7195
10279.9 -60.6614 -63.8327
10280.2 -60.6695 -63.9412
10280.5 -60.6809 -64.0453
10280.8 -60.6944 -64.1453
10281.1 -60.7102 -64.2412
10281.4 -60.7263 -64.3333
10281.7 -60.7436 -64.4219
10282 -60.7627 -64.507
10282.3 -60.7833 -64.5889
10282.6 -60.8049 -64.6678
10283 -60.8262 -64.7438
10283.3 -60.8475 -64.817
10283.6 -60.8693 -64.8876
10283.9 -60.8935 -64.9557
10284.2 -60.9174 -65.0215
10284.5 -60.9402 -65.0851
10284.8 -60.963 -65.1465
10285.1 -60.9866 -65.206
10285.4 -61.0098 -65.2635
10285.7 -61.0326 -65.3191
10286 -61.0558 -65.373
10286.3 -61.0794 -65.4253
10286.6 -61.1016 -65.4759
10286.9 -61.1234 -65.525
10287.2 -61.146 -65.5726
10287.5 -61.1694 -65.6188
10287.8 -61.1914 -65.6636
10288.2 -61.2121 -65.7071
10288.5 -61.2334 -65.7494
10288.8 -61.2543 -65.7905
10289.1 -61.274 -65.8304
10289.4 -61.293 -65.8692
10289.7 -61.314 -65.9068
10290 -61.3343 -65.9434
10290.3 -61.3522 -65.979
10290.6 -61.3694 -66.0136
10290.9 -61.3893 -66.0473
10291.1 -61.4031 -66.0711
10291.4 -61.4154 -66.0945
10291.6 -61.4276 -66.1174
10291.8 -61.4402 -66.1398
10292 -61.452 -66.1618
10292.2 -61.4632 -66.1834
10292.5 -61.4751 -66.2045
10292.7 -61.4873 -66.2252
10292.9 -61.4982 -66.2454
10293.1 -61.5085 -66.2653
10293.4 -61.5197 -66.2848
10293.6 -61.5312 -66.3038
10293.8 -61.5413 -66.3225
10294 -61.5507 -66.3408
10294.2 -61.5612 -66.3587
10294.5 -61.5719 -66.3762
10294.7 -61.5811 -66.3934
10294.9 -61.5897 -66.4103
10295.1 -61.5996 -66.4267
10295.4 -61.6095 -66.4429
10295.6 -61.6184 -66.4587
10295.8 -61.6267 -66.4741
10296 -61.6355 -66.4893
10296.2 -61.644 -66.5041
10296.5 -61.6517 -66.5186
10296.7 -61.6591 -66.5328
10296.9 -61.6673 -66.5467
10297.1 -61.6753 -66.5603
10297.4 -61.6823 -66.5736
10297.6 -61.689 -66.5866
10297.8 -61.6965 -66.5993
10298 -61.7036 -66.6117
10298.2 -61.71 -66.6239
10298.5 -61.7159 -66.6357
10298.7 -61.7229 -66.6474
10298.9 -61.7292 -66.6587
10299.1 -61.7349 -66.6698
10299.4 -61.7401 -66.6806
10299.6 -61.7465 -66.6912
10299.8 -61.752 -66.7015
10300 -61.7569 -66.7116
10300.2 -61.762 -66.7214
10300.5 -61.7673 -66.731
10300.7 -61.7723 -66.7404
10300.9 -61.7767 -66.7495
10301.1 -61.7809 -66.7584
10301.4 -61.7854 -66.767
10301.6 -61.7898 -66.7755
10301.8 -61.7938 -66.7837
10302 -61.7974 -66.7918
10302.2 -61.8012 -66.7996
10302.5 -61.8049 -66.8072
10302.7 -61.8083 -66.8145
10302.9 -61.8114 -66.8217
10303.1 -61.8147 -66.8287
10303.4 -61.8177 -66.8355
10303.6 -61.8205 -66.8421
10303.8 -61.823 -66.8485
10304 -61.8258 -66.8547
10304.2 -61.8283 -66.8608
10304.5 -61.8305 -66.8666
10304.7 -61.8325 -66.8723
10304.9 -61.8347 -66.8778
10305.1 -61.8366 -66.8831
10305.4 -61.8383 -66.8883
10305.6 -61.8398 -66.8932
10305.8 -61.8414 -66.8981
10306 -61.8428 -66.9027
10306.3 -61.844 -66.9072
10306.5 -61.845 -66.9115
10306.7 -61.8462 -66.9157
10306.9 -61.8469 -66.9197
10307.1 -61.8477 -66.9236
10307.4 -61.8482 -66.9273
10307.6 -61.849 -66.9308
10307.8 -61.8492 -66.9342
10308 -61.8496 -66.9375
10308.3 -61.8495 -66.9406
10308.5 -61.8499 -66.9436
10308.7 -61.8495 -66.9465
10308.9 -61.849 -66.9492
10309.1 -61.8485 -66.9518
10309.4 -61.8485 -66.9542
10309.6 -61.8479 -66.9566
10309.8 -61.8476 -66.9588
10310 -61.8467 -66.9608
10310.3 -61.8461 -66.9628
10310.5 -61.8448 -66.9646
10310.7 -61.8435 -66.9663
10310.9 -61.8423 -66.9679
10311.1 -61.8412 -66.9694
10311.4 -61.8399 -66.9707
10311.6 -61.8388 -66.972
10311.8 -61.8373 -66.9731
10312 -61.8357 -66.9741
10312.3 -61.8336 -66.975
10312.5 -61.8323 -66.9758
10312.7 -61.8303 -66.9765
10312.9 -61.8285 -66.9771
10313.1 -61.8259 -66.9777
10313.4 -61.8234 -66.9781
10313.6 -61.8209 -66.9784
10313.8 -61.8189 -66.9786
10314 -61.8165 -66.9787
10314.3 -61.8145 -66.9787
10314.5 -61.8117 -66.9787
10314.7 -61.8088 -66.9785
10314.9 -61.8058 -66.9783
10315.1 -61.8034 -66.9779
10315.4 -61.8005 -66.9775
10315.6 -61.7977 -66.977
10315.8 -61.7943 -66.9764
10316 -61.7914 -66.9757
10316.3 -61.7879 -66.975
10316.5 -61.785 -66.9742
10316.7 -61.7813 -66.9733
10316.9 -61.7783 -66.9723
10317.1 -61.7742 -66.9713
10317.4 -61.7711 -66.9701
10317.6 -61.7669 -66.9689
10317.8 -61.7627 -66.9677
10318 -61.7592 -66.9663
10318.3 -61.7556 -66.9649
10318.5 -61.7521 -66.9635
10318.7 -61.7481 -66.9619
10318.9 -61.7438 -66.9603
10319.1 -61.7392 -66.9587
10319.4 -61.7353 -66.9569
10319.6 -61.7314 -66.9552
10319.8 -61.7271 -66.9533
10320 -61.7221 -66.9514
10320.3 -61.7179 -66.9494
10320.5 -61.7136 -66.9474
10320.7 -61.7092 -66.9453
10320.9 -61.7039 -66.9432
10321.1 -61.6996 -66.941
10321.4 -61.6949 -66.9388
10321.6 -61.6903 -66.9365
10321.8 -61.6847 -66.9341
10322 -61.6804 -66.9317
10322.3 -61.6761 -66.9293
10322.5 -61.6709 -66.9268
10322.7 -61.6654 -66.9243
10322.9 -61.6601 -66.9217
10323.2 -61.655 -66.9191
10323.4 -61.6498 -66.9164
10323.6 -61.6446 -66.9137
10323.8 -61.6392 -66.9109
10324 -61.6336 -66.9081
10324.3 -61.628 -66.9053
10324.5 -61.6228 -66.9024
10324.7 -61.6173 -66.8994
10324.9 -61.6116 -66.8965
10325.2 -61.6057 -66.8935
10325.4 -61.6003 -66.8904
10325.6 -61.5946 -66.8874
10325.8 -61.5888 -66.8842
10326 -61.5827 -66.8811
10326.3 -61.5772 -66.8779
10326.5 -61.5712 -66.8747
10326.7 -61.565 -66.8714
10326.9 -61.5588 -66.8682
10327.2 -61.553 -66.8648
10327.4 -61.5469 -66.8615
10327.6 -61.5409 -66.8581
10327.8 -61.5345 -66.8547
10328 -61.5286 -66.8513
10328.3 -61.522 -66.8478
10328.5 -61.5155 -66.8443
10328.7 -61.509 -66.8408
10328.9 -61.5029 -66.8372
10329.2 -61.4964 -66.8336
10329.4 -61.4902 -66.83
10329.6 -61.4836 -66.8264
10329.8 -61.4773 -66.8228
10330 -61.4703 -66.8191
10330.3 -61.4642 -66.8154
10330.5 -61.4573 -66.8117
10330.7 -61.4511 -66.8079
10330.9 -61.4436 -66.8041
10331.2 -61.4364 -66.8003
10331.4 -61.4299 -66.7965
10331.6 -61.4235 -66.7927
10331.8 -61.4169 -66.7888
10332 -61.4101 -66.785
10332.3 -61.4032 -66.7811
10332.5 -61.3958 -66.7772
10332.7 -61.389 -66.7732
10332.9 -61.3824 -66.7693
10333.2 -61.3756 -66.7653
10333.4 -61.3679 -66.7613
10333.6 -61.3609 -66.7574
10333.8 -61.354 -66.7533
10334 -61.3474 -66.7493
10334.3 -61.3394 -66.7453
10334.5 -61.3325 -66.7412
10334.7 -61.3252 -66.7371
10334.9 -61.3187 -66.7331
10335.2 -61.3102 -66.729
10335.4 -61.302 -66.7249
10335.6 -61.2952 -66.7207
10335.8 -61.2885 -66.7166
10336 -61.2816 -66.7124
10336.3 -61.2741 -66.7083
10336.5 -61.2666 -66.7041
10336.7 -61.2587 -66.6999
10336.9 -61.2515 -66.6957
10337.2 -61.244 -66.6915
10337.4 -61.237 -66.6873
10337.6 -61.2286 -66.6831
10337.8 -61.2214 -66.6788
10338.1 -61.2135 -66.6746
10338.3 -61.2068 -66.6703
10338.5 -61.1979 -66.6661
10338.7 -61.1893 -66.6618
10338.9 -61.1821 -66.6575
10339.2 -61.175 -66.6533
10339.4 -61.1677 -66.649
10339.6 -61.16 -66.6446
10339.8 -61.1522 -66.6403
10340.1 -61.1443 -66.636
10340.3 -61.1369 -66.6317
10340.5 -61.1296 -66.6274
10340.7 -61.1215 -66.623
10340.9 -61.1129 -66.6187
10341.2 -61.1049 -66.6143
10341.4 -61.0976 -66.61
10341.6 -61.0898 -66.6056
10341.8 -61.0812 -66.6013
10342.1 -61.0732 -66.5969
10342.3 -61.0655 -66.5926
10342.5 -61.0574 -66.5882
10342.7 -61.0489 -66.5838
10342.9 -61.0411 -66.5794
10343.2 -61.0335 -66.575
10343.4 -61.0253 -66.5707
10343.6 -61.0166 -66.5663
10343.8 -61.0089 -66.5619
10344.1 -61.0011 -66.5575
10344.3 -60.993 -66.5531
10344.5 -60.9847 -66.5487
10344.7 -60.9773 -66.5443
10344.9 -60.9694 -66.5398
10345.2 -60.9605 -66.5354
10345.4 -60.9514 -66.531
10345.6 -60.9439 -66.5266
10345.8 -60.9361 -66.5222
10346.1 -60.9274 -66.5178
10346.3 -60.9181 -66.5134
10346.5 -60.9108 -66.5089
10346.7 -60.9026 -66.5045
10346.9 -60.8957 -66.5013
10347.1 -60.8895 -66.498
10347.2 -60.8839 -66.4947
10347.4 -60.8779 -66.4914
10347.5 -60.8714 -66.4882
10347.7 -60.8649 -66.4849
10347.9 -60.8587 -66.4816
10348 -60.8527 -66.4783
10348.2 -60.8465 -66.475
10348.4 -60.8401 -66.4718
10348.5 -60.8338 -66.4685
10348.7 -60.8276 -66.4652
10348.9 -60.8213 -66.4619
10349 -60.815 -66.4587
10349.2 -60.8087 -66.4554
10349.4 -60.8024 -66.4521
10349.5 -60.7961 -66.4488
10349.7 -60.7897 -66.4455
10349.8 -60.7834 -66.4423
10350 -60.7777 -66.4393
10350 -60.7777 -66.4393
10350 -60.7846 -66.4393
10350 -60.7909 -66.4393
10350 -60.8006 -66.4393
10350 -60.8094 -66.4392
10350 -60.8291 -66.4392
10350 -60.8461 -66.4392
10350 -60.8617 -66.4392
10350 -60.8762 -66.4392
10350 -60.8901 -66.4392
10350 -60.9116 -66.4391
10350 -60.9318 -66.4391
10350 -60.9627 -66.4391
10350 -60.9914 -66.439
10350 -61.0352 -66.439
10350 -61.0756 -66.4389
10350 -61.1135 -66.4388
10350 -61.1494 -66.4388
10350 -61.1834 -66.4387
10350 -61.2348 -66.4386
10350 -61.2829 -66.4385
10350 -61.3283 -66.4384
10350.1 -61.3934 -66.4382
10350.1 -61.4543 -66.4381
10350.1 -61.5117 -66.4379
10350.1 -61.6079 -66.4376
10350.1 -61.697 -66.4373
10350.1 -61.7801 -66.437
10350.1 -61.8585 -66.4367
10350.1 -61.9328 -66.4364
10350.2 -62.0038 -66.4362
10350.2 -62.1098 -66.4357
10350.2 -62.2096 -66.4352
10350.2 -62.304 -66.4348
10350.2 -62.3937 -66.4343
10350.3 -62.4794 -66.4339
10350.3 -62.6053 -66.4331
10350.3 -62.7237 -66.4324
10350.4 -62.8356 -66.4317
10350.4 -62.9418 -66.4311
10350.5 -63.0429 -66.4304
10350.5 -63.197 -66.4295
10350.6 -63.3412 -66.4287
10350.6 -63.4772 -66.4281
10350.7 -63.6061 -66.4278
10350.7 -63.7287 -66.4277
10350.8 -63.846 -66.428
10350.9 -64.0318 -66.4291
10351 -64.2067 -66.4312
10351.1 -64.3726 -66.4343
10351.2 -64.5307 -66.4384
10351.3 -64.6822 -66.4436
10351.4 -64.828 -66.4498
10351.5 -65.0406 -66.4611
10351.7 -65.2436 -66.4747
10351.8 -65.4385 -66.4904
10352 -65.6264 -66.5081
10352.1 -65.8082 -66.5278
10352.3 -65.9847 -66.5493
10352.5 -66.2476 -66.5858
10352.7 -66.5008 -66.6261
10352.9 -66.7455 -66.6698
10353.2 -66.9827 -66.7168
10353.4 -67.2131 -66.7667
10353.6 -67.4375 -66.8192
10354 -67.7641 -66.9027
10354.3 -68.0793 -66.991
10354.7 -68.3841 -67.0834
10355 -68.6794 -67.1795
10355.3 -68.9659 -67.2787
10355.7 -69.244 -67.3806
10356.2 -69.653 -67.5401
10356.7 -70.0453 -67.7036
10357.2 -70.422 -67.87
10357.8 -70.7843 -68.0384
10358.3 -71.1329 -68.2081
10358.8 -71.4686 -68.3783
10359.6 -71.9635 -68.6409
10360.4 -72.4315 -68.9016
10361.2 -72.8746 -69.159
10362 -73.2944 -69.4118
10362.8 -73.6925 -69.6593
10363.6 -74.0701 -69.9007
10364.4 -74.4284 -70.1353
10365.7 -74.9406 -70.4795
10366.9 -75.414 -70.8059
10368.1 -75.8514 -71.1139
10369.4 -76.2556 -71.4032
10370.6 -76.6289 -71.6736
10371.8 -76.9735 -71.9253
10373 -77.2913 -72.1586
10375.1 -77.7739 -72.5129
10377.2 -78.1921 -72.8179
10379.3 -78.5528 -73.0767
10381.4 -78.8618 -73.2926
10383.5 -79.1243 -73.4691
10385.5 -79.3451 -73.6098
10387.6 -79.5284 -73.7183
10390.9 -79.7495 -73.8317
10394.1 -79.9013 -73.887
10397.4 -79.9956 -73.8959
10400.7 -80.0426 -73.8684
10403.9 -80.0511 -73.8133
10407.2 -80.0288 -73.7383
10410.4 -79.9826 -73.6496
10415.4 -79.8796 -73.5009
10420.3 -79.7506 -73.3458
10425.2 -79.6079 -73.1936
10430.1 -79.4604 -73.0499
10435 -79.3145 -72.9184
10440 -79.1746 -72.8006
10444.9 -79.0432 -72.6971
10449.8 -78.9221 -72.6075
10454.7 -78.8118 -72.5308
10459.6 -78.7125 -72.4659
10464.6 -78.6236 -72.4115
10469.5 -78.5445 -72.3662
10474.4 -78.4745 -72.3288
10479.3 -78.4126 -72.298
10484.2 -78.3579 -72.2727
10489.2 -78.3096 -72.2521
10494.1 -78.2668 -72.2352
10499 -78.2288 -72.2214
